3 1 434 249 120 139 -1 -1 -1 -1 
3 2 559 198 64 75 -1 -1 -1 -1 
3 3 564 275 73 123 -1 -1 -1 -1 
4 1 434 252 122 134 -1 -1 -1 -1 
4 2 559 197 64 75 -1 -1 -1 -1 
4 3 563 277 74 118 -1 -1 -1 -1 
5 1 434 252 124 139 -1 -1 -1 -1 
5 2 559 197 64 75 -1 -1 -1 -1 
5 3 562 269 61 129 -1 -1 -1 -1 
6 1 434 252 118 143 -1 -1 -1 -1 
6 2 558 197 62 75 -1 -1 -1 -1 
6 3 558 258 61 123 -1 -1 -1 -1 
7 1 431 251 118 139 -1 -1 -1 -1 
7 2 558 198 60 86 -1 -1 -1 -1 
7 3 570 244 57 142 -1 -1 -1 -1 
8 1 429 249 118 136 -1 -1 -1 -1 
8 2 558 198 64 85 -1 -1 -1 -1 
8 3 537 252 87 143 -1 -1 -1 -1 
8 5 518 167 62 91 -1 -1 -1 -1 
9 1 431 250 117 142 -1 -1 -1 -1 
9 2 558 198 64 80 -1 -1 -1 -1 
9 3 534 255 92 144 -1 -1 -1 -1 
9 5 522 170 57 88 -1 -1 -1 -1 
10 1 430 250 120 144 -1 -1 -1 -1 
10 2 559 195 63 82 -1 -1 -1 -1 
10 3 531 259 99 143 -1 -1 -1 -1 
10 5 526 179 56 82 -1 -1 -1 -1 
11 1 432 250 120 150 -1 -1 -1 -1 
11 2 559 198 64 79 -1 -1 -1 -1 
11 3 533 265 97 138 -1 -1 -1 -1 
11 5 526 180 55 81 -1 -1 -1 -1 
12 1 434 250 116 152 -1 -1 -1 -1 
12 2 554 189 68 82 -1 -1 -1 -1 
12 3 554 255 80 137 -1 -1 -1 -1 
