3 1 589 122 50 355 -1 -1 -1 -1 
4 1 589 124 50 353 -1 -1 -1 -1 
5 1 589 120 50 354 -1 -1 -1 -1 
6 1 589 117 50 357 -1 -1 -1 -1 
7 1 590 117 49 360 -1 -1 -1 -1 
8 1 589 115 50 362 -1 -1 -1 -1 
9 1 589 103 50 370 -1 -1 -1 -1 
10 1 572 134 67 341 -1 -1 -1 -1 
11 1 532 134 94 339 -1 -1 -1 -1 
12 1 532 134 94 339 -1 -1 -1 -1 
16 5 292 102 90 306 -1 -1 -1 -1 
17 5 235 99 105 328 -1 -1 -1 -1 
18 5 241 104 95 320 -1 -1 -1 -1 
18 6 383 296 28 46 -1 -1 -1 -1 
19 5 241 104 95 320 -1 -1 -1 -1 
21 7 368 97 97 373 -1 -1 -1 -1 
22 7 412 92 99 379 -1 -1 -1 -1 
23 6 384 293 27 45 -1 -1 -1 -1 
23 7 462 102 106 332 -1 -1 -1 -1 
