4 3 205 45 109 291 -1 -1 -1 -1 
5 3 213 38 98 290 -1 -1 -1 -1 
6 3 213 38 98 290 -1 -1 -1 -1 
7 3 212 38 100 290 -1 -1 -1 -1 
8 3 212 38 100 291 -1 -1 -1 -1 
9 3 212 38 100 291 -1 -1 -1 -1 
10 3 211 38 101 290 -1 -1 -1 -1 
11 3 212 38 100 290 -1 -1 -1 -1 
12 3 212 38 100 290 -1 -1 -1 -1 
13 3 211 38 101 290 -1 -1 -1 -1 
14 3 212 38 100 290 -1 -1 -1 -1 
15 3 212 38 100 289 -1 -1 -1 -1 
16 3 212 38 100 290 -1 -1 -1 -1 
17 3 212 38 100 290 -1 -1 -1 -1 
18 3 212 38 100 290 -1 -1 -1 -1 
19 3 212 38 100 290 -1 -1 -1 -1 
20 3 208 37 121 290 -1 -1 -1 -1 
21 3 210 37 102 291 -1 -1 -1 -1 
22 3 212 37 99 291 -1 -1 -1 -1 
23 3 212 37 100 290 -1 -1 -1 -1 
24 3 212 37 99 290 -1 -1 -1 -1 
25 3 212 38 99 289 -1 -1 -1 -1 
26 3 212 38 99 289 -1 -1 -1 -1 
27 3 213 37 98 290 -1 -1 -1 -1 
28 3 212 37 99 290 -1 -1 -1 -1 
29 3 211 38 100 289 -1 -1 -1 -1 
30 3 210 38 102 289 -1 -1 -1 -1 
31 3 220 35 91 292 -1 -1 -1 -1 
32 3 251 28 106 296 -1 -1 -1 -1 
33 3 251 28 106 296 -1 -1 -1 -1 
35 4 319 0 113 387 -1 -1 -1 -1 
36 4 273 12 130 411 -1 -1 -1 -1 
37 4 273 12 130 411 -1 -1 -1 -1 
39 5 122 76 88 314 -1 -1 -1 -1 
40 5 109 84 89 265 -1 -1 -1 -1 
41 5 127 81 79 236 -1 -1 -1 -1 
42 5 127 81 79 236 -1 -1 -1 -1 
44 6 194 51 97 278 -1 -1 -1 -1 
45 6 222 30 107 331 -1 -1 -1 -1 
46 6 222 30 107 331 -1 -1 -1 -1 
49 9 406 3 95 321 -1 -1 -1 -1 
50 9 408 1 79 294 -1 -1 -1 -1 
51 9 359 2 99 271 -1 -1 -1 -1 
52 9 359 2 99 271 -1 -1 -1 -1 
55 11 173 111 136 113 -1 -1 -1 -1 
56 11 173 111 136 113 -1 -1 -1 -1 
57 12 112 78 121 329 -1 -1 -1 -1 
58 12 139 59 126 376 -1 -1 -1 -1 
59 12 139 59 126 376 -1 -1 -1 -1 
61 13 280 1 132 476 -1 -1 -1 -1 
62 13 314 7 134 470 -1 -1 -1 -1 
63 13 333 1 125 473 -1 -1 -1 -1 
64 13 276 3 188 474 -1 -1 -1 -1 
65 13 273 1 166 475 -1 -1 -1 -1 
66 13 311 2 130 472 -1 -1 -1 -1 
67 13 310 0 170 475 -1 -1 -1 -1 
68 13 315 0 198 472 -1 -1 -1 -1 
69 13 325 0 216 473 -1 -1 -1 -1 
70 13 300 0 152 473 -1 -1 -1 -1 
71 13 300 0 152 473 -1 -1 -1 -1 
73 19 296 2 123 472 -1 -1 -1 -1 
74 19 359 1 104 431 -1 -1 -1 -1 
75 19 398 1 108 368 -1 -1 -1 -1 
76 19 448 4 78 309 -1 -1 -1 -1 
77 19 497 1 75 279 -1 -1 -1 -1 
78 19 529 1 84 185 -1 -1 -1 -1 
79 19 530 2 89 170 -1 -1 -1 -1 
80 19 565 1 73 269 -1 -1 -1 -1 
81 19 566 0 73 252 -1 -1 -1 -1 
109 27 251 19 139 440 -1 -1 -1 -1 
110 27 226 26 111 393 -1 -1 -1 -1 
111 27 244 26 107 332 -1 -1 -1 -1 
112 27 256 27 83 305 -1 -1 -1 -1 
113 27 255 26 82 308 -1 -1 -1 -1 
114 27 257 24 94 311 -1 -1 -1 -1 
115 27 259 23 91 313 -1 -1 -1 -1 
116 27 260 23 90 313 -1 -1 -1 -1 
117 27 259 24 91 312 -1 -1 -1 -1 
118 27 259 24 91 312 -1 -1 -1 -1 
119 27 258 25 93 311 -1 -1 -1 -1 
120 27 258 24 93 312 -1 -1 -1 -1 
121 27 258 23 93 313 -1 -1 -1 -1 
122 27 259 23 91 313 -1 -1 -1 -1 
123 27 258 24 93 312 -1 -1 -1 -1 
124 27 258 24 93 312 -1 -1 -1 -1 
125 27 258 25 93 310 -1 -1 -1 -1 
126 27 257 25 94 310 -1 -1 -1 -1 
127 27 257 24 94 312 -1 -1 -1 -1 
128 27 258 24 93 312 -1 -1 -1 -1 
129 27 259 24 92 312 -1 -1 -1 -1 
130 27 259 24 91 312 -1 -1 -1 -1 
131 27 259 24 91 312 -1 -1 -1 -1 
132 27 267 22 82 314 -1 -1 -1 -1 
133 27 286 21 109 290 -1 -1 -1 -1 
134 27 327 9 74 289 -1 -1 -1 -1 
135 27 327 9 74 289 -1 -1 -1 -1 
137 30 402 2 73 295 -1 -1 -1 -1 
138 30 409 2 102 300 -1 -1 -1 -1 
139 30 432 2 84 313 -1 -1 -1 -1 
140 30 442 2 86 338 -1 -1 -1 -1 
141 30 414 2 96 352 -1 -1 -1 -1 
142 30 400 2 98 408 -1 -1 -1 -1 
143 30 386 2 109 428 -1 -1 -1 -1 
144 30 337 0 128 465 -1 -1 -1 -1 
145 30 318 1 137 469 -1 -1 -1 -1 
146 30 278 3 162 472 -1 -1 -1 -1 
147 30 271 1 154 472 -1 -1 -1 -1 
148 30 273 1 129 472 -1 -1 -1 -1 
149 30 265 12 149 462 -1 -1 -1 -1 
150 30 319 5 121 443 -1 -1 -1 -1 
151 30 341 2 102 439 -1 -1 -1 -1 
152 30 343 0 103 378 -1 -1 -1 -1 
153 30 358 3 90 323 -1 -1 -1 -1 
154 30 346 6 91 313 -1 -1 -1 -1 
155 30 323 10 86 298 -1 -1 -1 -1 
156 30 311 18 99 290 -1 -1 -1 -1 
157 30 323 9 87 296 -1 -1 -1 -1 
158 30 324 9 87 296 -1 -1 -1 -1 
159 30 326 9 85 296 -1 -1 -1 -1 
160 30 326 8 85 297 -1 -1 -1 -1 
161 30 325 8 85 297 -1 -1 -1 -1 
162 30 323 8 87 297 -1 -1 -1 -1 
163 30 324 7 86 298 -1 -1 -1 -1 
164 30 323 7 87 299 -1 -1 -1 -1 
165 30 324 8 87 297 -1 -1 -1 -1 
166 30 326 10 85 295 -1 -1 -1 -1 
167 30 323 12 88 293 -1 -1 -1 -1 
168 30 321 13 90 292 -1 -1 -1 -1 
169 30 320 11 91 294 -1 -1 -1 -1 
170 30 321 10 90 295 -1 -1 -1 -1 
171 30 321 10 90 296 -1 -1 -1 -1 
172 30 321 9 90 296 -1 -1 -1 -1 
173 30 321 8 90 297 -1 -1 -1 -1 
174 30 321 9 90 296 -1 -1 -1 -1 
175 30 322 8 89 297 -1 -1 -1 -1 
176 30 325 7 87 299 -1 -1 -1 -1 
177 30 338 3 79 307 -1 -1 -1 -1 
178 30 325 3 89 346 -1 -1 -1 -1 
179 30 325 2 134 350 -1 -1 -1 -1 
180 30 367 0 91 374 -1 -1 -1 -1 
181 30 397 4 95 400 -1 -1 -1 -1 
182 30 418 3 124 398 -1 -1 -1 -1 
183 30 450 2 95 400 -1 -1 -1 -1 
184 30 476 2 82 413 -1 -1 -1 -1 
185 30 463 0 88 432 -1 -1 -1 -1 
186 30 422 4 100 425 -1 -1 -1 -1 
187 30 422 4 100 425 -1 -1 -1 -1 
189 32 340 4 108 471 -1 -1 -1 -1 
190 32 327 4 124 470 -1 -1 -1 -1 
191 32 335 4 109 470 -1 -1 -1 -1 
192 32 339 4 105 472 -1 -1 -1 -1 
193 32 338 3 108 474 -1 -1 -1 -1 
194 32 333 0 111 477 -1 -1 -1 -1 
195 32 342 1 101 476 -1 -1 -1 -1 
196 32 320 0 122 478 -1 -1 -1 -1 
197 32 306 0 141 479 -1 -1 -1 -1 
198 32 313 1 132 477 -1 -1 -1 -1 
199 32 316 1 129 474 -1 -1 -1 -1 
200 32 312 5 138 467 -1 -1 -1 -1 
201 32 315 6 135 465 -1 -1 -1 -1 
202 32 317 4 139 473 -1 -1 -1 -1 
203 32 322 4 132 472 -1 -1 -1 -1 
204 32 314 0 149 478 -1 -1 -1 -1 
205 32 302 4 167 473 -1 -1 -1 -1 
206 32 297 2 177 476 -1 -1 -1 -1 
207 32 303 2 172 477 -1 -1 -1 -1 
208 32 306 3 172 474 -1 -1 -1 -1 
209 32 302 3 188 474 -1 -1 -1 -1 
210 32 361 5 199 466 -1 -1 -1 -1 
211 32 414 0 225 473 -1 -1 -1 -1 
322 36 343 0 205 479 -1 -1 -1 -1 
323 36 341 3 162 472 -1 -1 -1 -1 
324 36 379 2 123 467 -1 -1 -1 -1 
325 36 405 1 118 395 -1 -1 -1 -1 
326 36 441 2 98 374 -1 -1 -1 -1 
327 36 465 2 63 372 -1 -1 -1 -1 
328 36 442 2 86 350 -1 -1 -1 -1 
329 36 394 2 109 350 -1 -1 -1 -1 
330 36 390 1 96 410 -1 -1 -1 -1 
331 36 386 1 111 451 -1 -1 -1 -1 
332 36 360 2 146 469 -1 -1 -1 -1 
333 36 415 4 155 473 -1 -1 -1 -1 
334 36 415 4 155 473 -1 -1 -1 -1 
