3 1 475 143 49 69 -1 -1 -1 -1 
3 2 560 198 55 84 -1 -1 -1 -1 
3 3 454 288 104 112 -1 -1 -1 -1 
4 1 475 143 49 69 -1 -1 -1 -1 
4 2 560 198 55 80 -1 -1 -1 -1 
4 3 452 290 95 120 -1 -1 -1 -1 
5 1 475 143 49 68 -1 -1 -1 -1 
5 2 560 198 55 81 -1 -1 -1 -1 
5 3 451 287 94 115 -1 -1 -1 -1 
6 1 475 143 49 69 -1 -1 -1 -1 
6 2 560 198 55 83 -1 -1 -1 -1 
6 3 450 288 96 114 -1 -1 -1 -1 
7 1 475 143 49 68 -1 -1 -1 -1 
7 2 560 198 55 83 -1 -1 -1 -1 
7 3 451 288 95 117 -1 -1 -1 -1 
8 1 475 144 49 67 -1 -1 -1 -1 
8 2 560 198 55 80 -1 -1 -1 -1 
8 3 456 287 89 110 -1 -1 -1 -1 
9 1 475 144 49 67 -1 -1 -1 -1 
9 2 560 199 55 78 -1 -1 -1 -1 
9 3 458 287 87 113 -1 -1 -1 -1 
10 1 477 143 47 68 -1 -1 -1 -1 
10 2 560 198 55 83 -1 -1 -1 -1 
10 3 460 285 85 114 -1 -1 -1 -1 
11 1 478 144 49 69 -1 -1 -1 -1 
11 2 560 198 55 83 -1 -1 -1 -1 
11 3 460 286 86 115 -1 -1 -1 -1 
12 1 477 143 50 70 -1 -1 -1 -1 
12 2 561 200 54 74 -1 -1 -1 -1 
12 3 461 288 85 111 -1 -1 -1 -1 
13 1 476 144 48 67 -1 -1 -1 -1 
13 2 561 200 54 74 -1 -1 -1 -1 
13 3 461 288 85 111 -1 -1 -1 -1 
14 1 475 143 49 68 -1 -1 -1 -1 
14 2 561 200 54 74 -1 -1 -1 -1 
14 3 460 288 86 111 -1 -1 -1 -1 
15 1 474 142 50 69 -1 -1 -1 -1 
15 2 561 200 54 74 -1 -1 -1 -1 
15 3 460 289 86 110 -1 -1 -1 -1 
16 1 474 142 50 69 -1 -1 -1 -1 
16 2 561 200 54 74 -1 -1 -1 -1 
16 3 460 288 86 111 -1 -1 -1 -1 
17 1 473 142 51 69 -1 -1 -1 -1 
17 2 561 200 54 75 -1 -1 -1 -1 
17 3 460 288 87 111 -1 -1 -1 -1 
18 1 473 143 51 69 -1 -1 -1 -1 
18 2 561 200 53 75 -1 -1 -1 -1 
18 3 460 288 86 110 -1 -1 -1 -1 
19 1 473 143 51 68 -1 -1 -1 -1 
19 2 561 200 54 75 -1 -1 -1 -1 
19 3 460 288 87 111 -1 -1 -1 -1 
20 1 473 143 51 69 -1 -1 -1 -1 
20 2 561 201 53 74 -1 -1 -1 -1 
20 3 460 288 86 110 -1 -1 -1 -1 
21 1 473 143 51 68 -1 -1 -1 -1 
21 2 561 200 54 75 -1 -1 -1 -1 
21 3 460 288 86 111 -1 -1 -1 -1 
22 1 473 143 51 69 -1 -1 -1 -1 
22 2 561 200 54 75 -1 -1 -1 -1 
22 3 460 288 87 108 -1 -1 -1 -1 
23 1 473 143 51 69 -1 -1 -1 -1 
23 2 561 199 54 76 -1 -1 -1 -1 
23 3 460 288 87 110 -1 -1 -1 -1 
24 1 473 143 51 69 -1 -1 -1 -1 
24 2 561 199 54 76 -1 -1 -1 -1 
24 3 460 288 88 110 -1 -1 -1 -1 
25 1 473 143 51 69 -1 -1 -1 -1 
25 2 561 199 54 76 -1 -1 -1 -1 
25 3 460 287 88 111 -1 -1 -1 -1 
26 1 471 143 53 69 -1 -1 -1 -1 
26 2 561 199 54 77 -1 -1 -1 -1 
26 3 460 287 88 111 -1 -1 -1 -1 
27 1 471 148 52 64 -1 -1 -1 -1 
27 2 561 199 54 80 -1 -1 -1 -1 
27 3 460 287 86 110 -1 -1 -1 -1 
28 1 469 145 53 68 -1 -1 -1 -1 
28 2 561 199 54 77 -1 -1 -1 -1 
28 3 460 287 87 111 -1 -1 -1 -1 
29 1 469 146 54 67 -1 -1 -1 -1 
29 2 561 200 54 75 -1 -1 -1 -1 
29 3 460 285 86 111 -1 -1 -1 -1 
30 1 470 149 53 63 -1 -1 -1 -1 
30 2 561 200 54 76 -1 -1 -1 -1 
30 3 460 288 87 107 -1 -1 -1 -1 
31 1 470 145 53 67 -1 -1 -1 -1 
31 2 561 200 54 74 -1 -1 -1 -1 
31 3 460 293 96 99 -1 -1 -1 -1 
32 1 472 145 52 67 -1 -1 -1 -1 
32 2 561 200 54 74 -1 -1 -1 -1 
32 3 460 292 94 100 -1 -1 -1 -1 
33 1 472 144 52 68 -1 -1 -1 -1 
33 2 561 200 54 76 -1 -1 -1 -1 
33 3 460 292 95 99 -1 -1 -1 -1 
34 1 472 146 52 66 -1 -1 -1 -1 
34 2 561 200 54 76 -1 -1 -1 -1 
34 3 460 293 95 99 -1 -1 -1 -1 
35 1 473 149 51 63 -1 -1 -1 -1 
35 2 561 201 54 74 -1 -1 -1 -1 
35 3 460 294 106 101 -1 -1 -1 -1 
36 1 473 151 49 61 -1 -1 -1 -1 
36 2 561 201 54 74 -1 -1 -1 -1 
36 3 460 289 99 104 -1 -1 -1 -1 
37 1 473 152 49 60 -1 -1 -1 -1 
37 2 561 201 54 74 -1 -1 -1 -1 
37 3 460 288 90 107 -1 -1 -1 -1 
38 1 473 152 49 60 -1 -1 -1 -1 
38 2 561 201 54 73 -1 -1 -1 -1 
38 3 460 292 106 104 -1 -1 -1 -1 
39 1 473 153 49 59 -1 -1 -1 -1 
39 2 561 201 54 74 -1 -1 -1 -1 
39 3 460 291 100 103 -1 -1 -1 -1 
40 1 473 151 49 61 -1 -1 -1 -1 
40 2 561 201 54 74 -1 -1 -1 -1 
40 3 460 295 110 103 -1 -1 -1 -1 
41 1 472 149 52 62 -1 -1 -1 -1 
41 2 561 200 54 76 -1 -1 -1 -1 
41 3 460 289 89 104 -1 -1 -1 -1 
42 1 473 148 51 63 -1 -1 -1 -1 
42 2 561 200 54 75 -1 -1 -1 -1 
42 3 460 288 87 106 -1 -1 -1 -1 
43 1 473 147 52 64 -1 -1 -1 -1 
43 2 561 203 51 71 -1 -1 -1 -1 
43 3 460 293 99 103 -1 -1 -1 -1 
44 1 473 146 52 65 -1 -1 -1 -1 
44 2 561 200 52 75 -1 -1 -1 -1 
44 3 460 292 99 105 -1 -1 -1 -1 
45 1 474 145 51 67 -1 -1 -1 -1 
45 2 561 198 55 77 -1 -1 -1 -1 
45 3 460 289 92 106 -1 -1 -1 -1 
46 1 474 145 52 67 -1 -1 -1 -1 
46 2 560 198 56 77 -1 -1 -1 -1 
46 3 460 291 96 102 -1 -1 -1 -1 
47 1 475 145 51 68 -1 -1 -1 -1 
47 2 560 198 55 77 -1 -1 -1 -1 
47 3 460 291 98 104 -1 -1 -1 -1 
48 1 476 144 50 69 -1 -1 -1 -1 
48 2 561 199 54 76 -1 -1 -1 -1 
48 3 460 289 90 103 -1 -1 -1 -1 
49 1 476 144 50 68 -1 -1 -1 -1 
49 2 561 199 55 76 -1 -1 -1 -1 
49 3 460 291 100 104 -1 -1 -1 -1 
50 1 475 144 50 68 -1 -1 -1 -1 
50 2 561 201 56 73 -1 -1 -1 -1 
50 3 460 290 96 104 -1 -1 -1 -1 
51 1 475 144 50 68 -1 -1 -1 -1 
51 2 560 200 60 80 -1 -1 -1 -1 
51 3 460 288 94 104 -1 -1 -1 -1 
52 1 475 144 50 68 -1 -1 -1 -1 
52 2 559 200 61 77 -1 -1 -1 -1 
52 3 460 288 91 107 -1 -1 -1 -1 
53 1 475 145 50 67 -1 -1 -1 -1 
53 2 560 200 60 76 -1 -1 -1 -1 
53 3 460 288 96 109 -1 -1 -1 -1 
54 1 475 145 50 67 -1 -1 -1 -1 
54 2 560 200 59 75 -1 -1 -1 -1 
54 3 460 289 92 109 -1 -1 -1 -1 
55 1 475 145 50 67 -1 -1 -1 -1 
55 2 560 200 59 76 -1 -1 -1 -1 
55 3 460 288 96 111 -1 -1 -1 -1 
56 1 475 144 49 68 -1 -1 -1 -1 
56 2 560 201 57 75 -1 -1 -1 -1 
56 3 460 289 100 108 -1 -1 -1 -1 
57 1 476 144 48 68 -1 -1 -1 -1 
57 2 560 200 57 76 -1 -1 -1 -1 
57 3 460 289 99 107 -1 -1 -1 -1 
58 1 475 145 50 67 -1 -1 -1 -1 
58 2 560 201 57 76 -1 -1 -1 -1 
58 3 460 290 100 105 -1 -1 -1 -1 
59 1 475 144 50 68 -1 -1 -1 -1 
59 2 560 201 58 77 -1 -1 -1 -1 
59 3 460 289 98 107 -1 -1 -1 -1 
60 1 474 144 51 68 -1 -1 -1 -1 
60 2 560 201 57 80 -1 -1 -1 -1 
60 3 460 289 110 108 -1 -1 -1 -1 
61 1 474 143 51 69 -1 -1 -1 -1 
61 2 560 201 57 79 -1 -1 -1 -1 
61 3 461 289 97 109 -1 -1 -1 -1 
62 1 474 142 51 70 -1 -1 -1 -1 
62 2 560 200 56 79 -1 -1 -1 -1 
62 3 461 289 95 107 -1 -1 -1 -1 
63 1 474 143 50 69 -1 -1 -1 -1 
63 2 560 200 56 74 -1 -1 -1 -1 
63 3 460 289 92 107 -1 -1 -1 -1 
64 1 474 144 50 68 -1 -1 -1 -1 
64 2 560 199 58 77 -1 -1 -1 -1 
64 3 460 289 90 106 -1 -1 -1 -1 
65 1 474 143 50 69 -1 -1 -1 -1 
65 2 560 199 57 76 -1 -1 -1 -1 
65 3 460 289 91 107 -1 -1 -1 -1 
66 1 474 142 50 70 -1 -1 -1 -1 
66 2 560 200 57 76 -1 -1 -1 -1 
66 3 461 289 88 107 -1 -1 -1 -1 
67 1 474 142 50 70 -1 -1 -1 -1 
67 2 560 200 56 74 -1 -1 -1 -1 
67 3 461 289 88 107 -1 -1 -1 -1 
68 1 473 142 51 69 -1 -1 -1 -1 
68 2 560 200 55 73 -1 -1 -1 -1 
68 3 461 289 88 107 -1 -1 -1 -1 
69 1 473 142 51 69 -1 -1 -1 -1 
69 2 561 199 54 74 -1 -1 -1 -1 
69 3 461 289 88 108 -1 -1 -1 -1 
70 1 473 143 52 68 -1 -1 -1 -1 
70 2 561 200 53 72 -1 -1 -1 -1 
70 3 461 290 89 110 -1 -1 -1 -1 
71 1 473 143 51 68 -1 -1 -1 -1 
71 2 561 200 54 72 -1 -1 -1 -1 
71 3 461 289 89 111 -1 -1 -1 -1 
72 1 473 143 52 68 -1 -1 -1 -1 
72 2 561 201 53 71 -1 -1 -1 -1 
72 3 461 289 89 111 -1 -1 -1 -1 
73 1 473 143 51 68 -1 -1 -1 -1 
73 2 560 199 54 73 -1 -1 -1 -1 
73 3 461 289 88 112 -1 -1 -1 -1 
74 1 473 143 52 68 -1 -1 -1 -1 
74 2 560 199 55 74 -1 -1 -1 -1 
74 3 461 290 88 111 -1 -1 -1 -1 
75 1 473 144 52 67 -1 -1 -1 -1 
75 2 561 199 54 74 -1 -1 -1 -1 
75 3 461 290 89 111 -1 -1 -1 -1 
76 1 474 144 51 68 -1 -1 -1 -1 
76 2 561 198 55 75 -1 -1 -1 -1 
76 3 460 290 90 111 -1 -1 -1 -1 
77 1 475 145 50 67 -1 -1 -1 -1 
77 2 561 200 55 73 -1 -1 -1 -1 
77 3 460 289 89 111 -1 -1 -1 -1 
78 1 477 144 50 68 -1 -1 -1 -1 
78 2 561 198 52 75 -1 -1 -1 -1 
78 3 460 289 91 112 -1 -1 -1 -1 
79 1 478 145 51 68 -1 -1 -1 -1 
79 2 561 198 52 76 -1 -1 -1 -1 
79 3 460 289 89 111 -1 -1 -1 -1 
80 1 479 145 51 68 -1 -1 -1 -1 
80 2 561 201 51 73 -1 -1 -1 -1 
80 3 461 289 87 111 -1 -1 -1 -1 
81 1 479 145 51 68 -1 -1 -1 -1 
81 2 561 194 58 81 -1 -1 -1 -1 
81 3 461 289 87 111 -1 -1 -1 -1 
82 1 479 145 51 68 -1 -1 -1 -1 
82 2 561 198 58 79 -1 -1 -1 -1 
82 3 461 288 86 111 -1 -1 -1 -1 
83 1 479 145 52 68 -1 -1 -1 -1 
83 2 561 199 54 78 -1 -1 -1 -1 
83 3 461 289 86 110 -1 -1 -1 -1 
84 1 479 145 50 68 -1 -1 -1 -1 
84 2 560 199 54 83 -1 -1 -1 -1 
84 3 460 289 87 109 -1 -1 -1 -1 
85 1 479 145 50 68 -1 -1 -1 -1 
85 2 561 201 52 77 -1 -1 -1 -1 
85 3 460 289 87 109 -1 -1 -1 -1 
86 1 478 144 52 69 -1 -1 -1 -1 
86 2 561 202 53 77 -1 -1 -1 -1 
86 3 460 289 88 109 -1 -1 -1 -1 
87 1 478 144 53 69 -1 -1 -1 -1 
87 2 561 201 53 82 -1 -1 -1 -1 
87 3 460 289 88 110 -1 -1 -1 -1 
88 1 478 144 52 69 -1 -1 -1 -1 
88 2 561 201 54 85 -1 -1 -1 -1 
88 3 460 289 89 111 -1 -1 -1 -1 
89 1 478 143 52 70 -1 -1 -1 -1 
89 2 560 201 55 88 -1 -1 -1 -1 
89 3 460 289 89 110 -1 -1 -1 -1 
90 1 477 144 52 69 -1 -1 -1 -1 
90 2 560 200 55 92 -1 -1 -1 -1 
90 3 456 292 99 107 -1 -1 -1 -1 
91 1 476 143 53 70 -1 -1 -1 -1 
91 2 558 200 60 98 -1 -1 -1 -1 
91 3 454 272 99 129 -1 -1 -1 -1 
92 1 477 143 52 70 -1 -1 -1 -1 
92 2 560 200 56 84 -1 -1 -1 -1 
92 3 453 235 99 175 -1 -1 -1 -1 
93 1 477 143 52 68 -1 -1 -1 -1 
93 2 560 200 56 84 -1 -1 -1 -1 
94 1 477 142 53 71 -1 -1 -1 -1 
94 3 459 200 98 216 -1 -1 -1 -1 
95 1 477 143 52 71 -1 -1 -1 -1 
95 3 462 222 89 190 -1 -1 -1 -1 
96 1 477 143 52 70 -1 -1 -1 -1 
96 3 461 218 101 200 -1 -1 -1 -1 
97 1 477 143 50 69 -1 -1 -1 -1 
97 3 463 209 108 206 -1 -1 -1 -1 
98 1 476 143 50 69 -1 -1 -1 -1 
98 3 463 210 109 203 -1 -1 -1 -1 
99 1 475 143 49 68 -1 -1 -1 -1 
99 3 459 226 101 182 -1 -1 -1 -1 
100 1 476 143 48 68 -1 -1 -1 -1 
100 3 460 232 96 175 -1 -1 -1 -1 
101 1 476 143 48 68 -1 -1 -1 -1 
101 3 460 231 96 177 -1 -1 -1 -1 
101 6 557 194 65 79 -1 -1 -1 -1 
102 1 476 143 48 68 -1 -1 -1 -1 
102 3 460 228 96 182 -1 -1 -1 -1 
102 6 557 196 66 77 -1 -1 -1 -1 
103 1 476 143 48 68 -1 -1 -1 -1 
103 3 460 228 95 182 -1 -1 -1 -1 
103 6 557 196 66 77 -1 -1 -1 -1 
104 1 475 143 49 68 -1 -1 -1 -1 
104 3 460 224 96 187 -1 -1 -1 -1 
104 6 557 196 67 78 -1 -1 -1 -1 
105 1 476 143 48 68 -1 -1 -1 -1 
105 3 460 223 97 189 -1 -1 -1 -1 
105 6 557 197 66 76 -1 -1 -1 -1 
106 1 476 143 48 68 -1 -1 -1 -1 
106 3 460 221 98 191 -1 -1 -1 -1 
106 6 557 196 67 79 -1 -1 -1 -1 
107 1 475 143 49 68 -1 -1 -1 -1 
107 3 460 220 99 191 -1 -1 -1 -1 
107 6 557 197 67 80 -1 -1 -1 -1 
108 1 476 144 48 67 -1 -1 -1 -1 
108 3 461 222 96 186 -1 -1 -1 -1 
108 6 557 197 67 79 -1 -1 -1 -1 
109 1 475 144 49 67 -1 -1 -1 -1 
109 3 460 215 100 198 -1 -1 -1 -1 
109 6 553 194 73 93 -1 -1 -1 -1 
110 1 475 144 49 67 -1 -1 -1 -1 
110 3 459 267 88 142 -1 -1 -1 -1 
110 6 555 194 68 78 -1 -1 -1 -1 
111 1 475 144 49 67 -1 -1 -1 -1 
111 3 457 274 108 132 -1 -1 -1 -1 
111 6 556 195 67 77 -1 -1 -1 -1 
112 1 475 144 49 68 -1 -1 -1 -1 
112 3 461 288 94 111 -1 -1 -1 -1 
112 6 555 195 68 78 -1 -1 -1 -1 
113 1 475 144 49 68 -1 -1 -1 -1 
113 3 461 288 88 111 -1 -1 -1 -1 
113 6 555 196 67 76 -1 -1 -1 -1 
114 1 476 144 48 68 -1 -1 -1 -1 
114 3 461 289 88 112 -1 -1 -1 -1 
114 6 555 196 67 76 -1 -1 -1 -1 
115 1 475 144 49 67 -1 -1 -1 -1 
115 3 461 289 85 111 -1 -1 -1 -1 
115 6 555 195 68 78 -1 -1 -1 -1 
115 8 580 279 59 118 -1 -1 -1 -1 
116 1 475 144 49 67 -1 -1 -1 -1 
116 3 461 289 88 109 -1 -1 -1 -1 
116 6 556 195 67 77 -1 -1 -1 -1 
116 8 579 284 60 112 -1 -1 -1 -1 
117 1 475 144 49 67 -1 -1 -1 -1 
117 3 461 288 87 109 -1 -1 -1 -1 
117 6 556 195 67 78 -1 -1 -1 -1 
117 8 579 289 60 108 -1 -1 -1 -1 
118 1 475 144 49 67 -1 -1 -1 -1 
118 3 461 289 87 109 -1 -1 -1 -1 
118 6 555 195 68 78 -1 -1 -1 -1 
118 8 581 276 58 128 -1 -1 -1 -1 
119 1 475 144 49 68 -1 -1 -1 -1 
119 3 461 289 85 117 -1 -1 -1 -1 
119 6 556 195 67 77 -1 -1 -1 -1 
119 8 582 292 56 98 -1 -1 -1 -1 
120 1 475 145 49 67 -1 -1 -1 -1 
120 3 461 287 95 119 -1 -1 -1 -1 
120 6 557 196 66 75 -1 -1 -1 -1 
120 8 582 295 56 91 -1 -1 -1 -1 
121 1 475 145 49 66 -1 -1 -1 -1 
121 3 461 278 88 128 -1 -1 -1 -1 
122 1 475 145 49 66 -1 -1 -1 -1 
122 3 461 286 87 117 -1 -1 -1 -1 
123 1 476 145 48 66 -1 -1 -1 -1 
123 3 461 282 93 123 -1 -1 -1 -1 
124 1 475 144 49 67 -1 -1 -1 -1 
124 3 461 283 95 122 -1 -1 -1 -1 
124 8 582 279 57 117 -1 -1 -1 -1 
124 9 556 192 56 84 -1 -1 -1 -1 
125 1 475 145 49 66 -1 -1 -1 -1 
125 3 461 284 97 120 -1 -1 -1 -1 
125 8 582 279 57 117 -1 -1 -1 -1 
126 1 475 145 49 66 -1 -1 -1 -1 
126 3 461 285 111 118 -1 -1 -1 -1 
127 1 475 145 49 67 -1 -1 -1 -1 
127 3 461 273 99 131 -1 -1 -1 -1 
127 6 555 195 67 78 -1 -1 -1 -1 
128 1 475 144 49 68 -1 -1 -1 -1 
128 3 460 291 94 109 -1 -1 -1 -1 
128 6 555 194 67 79 -1 -1 -1 -1 
129 1 475 144 49 68 -1 -1 -1 -1 
129 3 462 289 96 114 -1 -1 -1 -1 
129 6 555 192 68 81 -1 -1 -1 -1 
130 1 475 144 49 68 -1 -1 -1 -1 
130 3 462 289 101 114 -1 -1 -1 -1 
130 6 554 193 69 83 -1 -1 -1 -1 
131 1 475 145 49 67 -1 -1 -1 -1 
131 3 462 291 92 113 -1 -1 -1 -1 
131 6 555 195 68 79 -1 -1 -1 -1 
132 1 476 145 48 67 -1 -1 -1 -1 
132 3 463 291 90 114 -1 -1 -1 -1 
132 6 554 195 69 80 -1 -1 -1 -1 
133 1 476 144 48 68 -1 -1 -1 -1 
133 3 462 290 101 115 -1 -1 -1 -1 
133 6 555 195 68 80 -1 -1 -1 -1 
133 11 574 275 65 135 -1 -1 -1 -1 
134 1 476 144 48 68 -1 -1 -1 -1 
134 3 462 292 109 109 -1 -1 -1 -1 
134 6 559 195 64 78 -1 -1 -1 -1 
135 1 475 145 49 66 -1 -1 -1 -1 
135 3 461 292 102 106 -1 -1 -1 -1 
135 6 555 197 67 76 -1 -1 -1 -1 
136 1 475 144 49 67 -1 -1 -1 -1 
136 3 461 291 120 109 -1 -1 -1 -1 
136 6 555 196 64 79 -1 -1 -1 -1 
137 1 475 144 49 68 -1 -1 -1 -1 
137 3 462 292 113 108 -1 -1 -1 -1 
137 6 555 196 63 78 -1 -1 -1 -1 
137 11 580 273 59 139 -1 -1 -1 -1 
138 1 475 144 49 67 -1 -1 -1 -1 
138 3 462 292 116 110 -1 -1 -1 -1 
138 6 553 194 63 82 -1 -1 -1 -1 
139 1 475 145 49 67 -1 -1 -1 -1 
139 3 462 290 114 113 -1 -1 -1 -1 
139 6 556 194 65 80 -1 -1 -1 -1 
140 1 475 145 49 66 -1 -1 -1 -1 
140 3 461 287 114 115 -1 -1 -1 -1 
140 6 556 194 66 78 -1 -1 -1 -1 
140 11 581 281 58 126 -1 -1 -1 -1 
141 1 475 144 49 68 -1 -1 -1 -1 
141 3 462 291 110 112 -1 -1 -1 -1 
141 6 555 195 68 79 -1 -1 -1 -1 
141 11 578 281 61 118 -1 -1 -1 -1 
142 1 475 144 50 68 -1 -1 -1 -1 
142 3 462 290 110 115 -1 -1 -1 -1 
142 6 556 194 67 77 -1 -1 -1 -1 
142 11 580 282 59 115 -1 -1 -1 -1 
143 1 475 144 50 68 -1 -1 -1 -1 
143 3 462 291 110 113 -1 -1 -1 -1 
143 6 556 194 67 77 -1 -1 -1 -1 
143 11 580 285 59 112 -1 -1 -1 -1 
144 1 475 145 50 67 -1 -1 -1 -1 
144 3 463 290 110 112 -1 -1 -1 -1 
144 6 556 194 67 79 -1 -1 -1 -1 
144 11 578 285 61 116 -1 -1 -1 -1 
145 1 475 145 49 67 -1 -1 -1 -1 
145 3 462 289 110 114 -1 -1 -1 -1 
145 6 556 195 67 77 -1 -1 -1 -1 
145 11 578 283 61 112 -1 -1 -1 -1 
146 1 475 145 50 67 -1 -1 -1 -1 
146 3 462 289 107 114 -1 -1 -1 -1 
146 6 557 194 66 77 -1 -1 -1 -1 
146 11 578 279 61 121 -1 -1 -1 -1 
147 1 475 145 49 67 -1 -1 -1 -1 
147 3 463 289 109 111 -1 -1 -1 -1 
147 6 556 197 67 76 -1 -1 -1 -1 
147 11 577 270 62 135 -1 -1 -1 -1 
148 1 475 145 50 67 -1 -1 -1 -1 
148 3 462 289 107 111 -1 -1 -1 -1 
148 6 556 196 67 77 -1 -1 -1 -1 
149 1 476 145 49 67 -1 -1 -1 -1 
149 3 462 289 108 112 -1 -1 -1 -1 
149 6 556 196 67 77 -1 -1 -1 -1 
150 1 475 144 50 68 -1 -1 -1 -1 
150 3 462 290 108 111 -1 -1 -1 -1 
150 6 556 196 67 76 -1 -1 -1 -1 
151 1 475 145 48 66 -1 -1 -1 -1 
151 3 462 289 110 112 -1 -1 -1 -1 
151 6 556 196 67 77 -1 -1 -1 -1 
152 1 475 144 49 68 -1 -1 -1 -1 
152 3 462 289 112 112 -1 -1 -1 -1 
152 6 556 196 67 76 -1 -1 -1 -1 
153 1 475 143 49 69 -1 -1 -1 -1 
153 3 461 289 113 113 -1 -1 -1 -1 
153 6 556 196 67 77 -1 -1 -1 -1 
154 1 475 143 49 68 -1 -1 -1 -1 
154 3 462 288 110 116 -1 -1 -1 -1 
154 6 556 196 67 77 -1 -1 -1 -1 
155 1 475 143 49 68 -1 -1 -1 -1 
155 3 461 288 95 114 -1 -1 -1 -1 
155 6 556 196 67 77 -1 -1 -1 -1 
156 1 475 143 49 69 -1 -1 -1 -1 
156 3 462 291 92 112 -1 -1 -1 -1 
156 6 556 195 68 79 -1 -1 -1 -1 
157 1 475 143 49 69 -1 -1 -1 -1 
157 3 462 291 91 111 -1 -1 -1 -1 
157 6 556 196 67 78 -1 -1 -1 -1 
158 1 474 143 50 69 -1 -1 -1 -1 
158 3 462 290 91 111 -1 -1 -1 -1 
158 6 556 195 67 79 -1 -1 -1 -1 
159 1 474 143 50 69 -1 -1 -1 -1 
159 3 462 291 91 110 -1 -1 -1 -1 
159 6 556 196 67 78 -1 -1 -1 -1 
160 1 474 143 50 69 -1 -1 -1 -1 
160 3 462 290 107 112 -1 -1 -1 -1 
160 6 556 196 67 77 -1 -1 -1 -1 
161 1 474 143 50 69 -1 -1 -1 -1 
161 3 461 290 99 114 -1 -1 -1 -1 
161 6 556 196 67 78 -1 -1 -1 -1 
161 11 577 272 62 134 -1 -1 -1 -1 
162 1 474 143 50 69 -1 -1 -1 -1 
162 3 461 288 86 117 -1 -1 -1 -1 
162 6 556 197 67 76 -1 -1 -1 -1 
162 11 572 277 67 128 -1 -1 -1 -1 
163 1 474 143 50 69 -1 -1 -1 -1 
163 3 461 288 86 114 -1 -1 -1 -1 
163 6 556 197 67 77 -1 -1 -1 -1 
163 11 572 279 67 134 -1 -1 -1 -1 
164 1 474 143 50 69 -1 -1 -1 -1 
164 3 461 286 84 115 -1 -1 -1 -1 
164 6 556 197 67 77 -1 -1 -1 -1 
164 11 572 279 67 134 -1 -1 -1 -1 
165 1 474 143 50 69 -1 -1 -1 -1 
165 3 461 288 85 117 -1 -1 -1 -1 
165 6 556 196 67 77 -1 -1 -1 -1 
165 11 572 280 67 136 -1 -1 -1 -1 
166 1 474 143 50 68 -1 -1 -1 -1 
166 3 462 287 84 118 -1 -1 -1 -1 
166 6 556 196 67 76 -1 -1 -1 -1 
166 11 572 280 67 132 -1 -1 -1 -1 
167 1 474 143 50 69 -1 -1 -1 -1 
167 3 462 288 83 117 -1 -1 -1 -1 
167 6 556 196 66 76 -1 -1 -1 -1 
167 11 573 280 66 130 -1 -1 -1 -1 
168 1 474 143 50 69 -1 -1 -1 -1 
168 3 461 287 85 117 -1 -1 -1 -1 
168 6 556 196 66 76 -1 -1 -1 -1 
168 11 575 281 64 128 -1 -1 -1 -1 
169 1 474 143 50 69 -1 -1 -1 -1 
169 3 461 288 85 118 -1 -1 -1 -1 
169 6 556 196 67 76 -1 -1 -1 -1 
169 11 575 280 64 131 -1 -1 -1 -1 
170 1 474 143 50 69 -1 -1 -1 -1 
170 3 461 288 85 119 -1 -1 -1 -1 
170 6 556 196 67 76 -1 -1 -1 -1 
170 11 574 280 65 131 -1 -1 -1 -1 
171 1 474 143 50 69 -1 -1 -1 -1 
171 3 461 288 85 120 -1 -1 -1 -1 
171 6 556 196 67 76 -1 -1 -1 -1 
171 11 575 280 63 131 -1 -1 -1 -1 
172 1 474 143 50 69 -1 -1 -1 -1 
172 3 461 287 85 120 -1 -1 -1 -1 
172 6 556 196 67 76 -1 -1 -1 -1 
172 11 575 280 64 131 -1 -1 -1 -1 
173 1 474 143 50 69 -1 -1 -1 -1 
173 3 461 287 85 121 -1 -1 -1 -1 
173 6 556 196 67 76 -1 -1 -1 -1 
173 11 577 279 62 132 -1 -1 -1 -1 
174 1 474 143 50 68 -1 -1 -1 -1 
174 3 461 287 86 120 -1 -1 -1 -1 
174 6 556 196 67 77 -1 -1 -1 -1 
174 11 576 277 63 137 -1 -1 -1 -1 
175 1 474 143 49 68 -1 -1 -1 -1 
175 3 461 287 86 120 -1 -1 -1 -1 
175 6 556 196 67 77 -1 -1 -1 -1 
175 11 577 274 62 138 -1 -1 -1 -1 
176 1 474 144 49 68 -1 -1 -1 -1 
176 3 462 287 88 118 -1 -1 -1 -1 
176 6 556 195 68 78 -1 -1 -1 -1 
176 11 577 276 62 134 -1 -1 -1 -1 
177 1 474 145 49 67 -1 -1 -1 -1 
177 3 462 287 90 118 -1 -1 -1 -1 
177 6 556 195 68 79 -1 -1 -1 -1 
177 11 577 274 62 139 -1 -1 -1 -1 
178 1 474 145 49 67 -1 -1 -1 -1 
178 3 462 287 91 118 -1 -1 -1 -1 
178 6 556 194 68 80 -1 -1 -1 -1 
178 11 577 269 62 146 -1 -1 -1 -1 
179 1 474 145 49 67 -1 -1 -1 -1 
179 3 462 286 90 118 -1 -1 -1 -1 
179 6 556 194 68 80 -1 -1 -1 -1 
179 11 577 275 62 143 -1 -1 -1 -1 
180 1 474 145 49 67 -1 -1 -1 -1 
180 3 462 286 92 118 -1 -1 -1 -1 
180 6 555 194 70 80 -1 -1 -1 -1 
180 11 577 275 62 141 -1 -1 -1 -1 
181 1 474 145 49 66 -1 -1 -1 -1 
181 3 462 287 91 117 -1 -1 -1 -1 
181 6 555 194 70 80 -1 -1 -1 -1 
181 11 576 278 63 133 -1 -1 -1 -1 
182 1 474 145 49 66 -1 -1 -1 -1 
182 3 462 287 90 118 -1 -1 -1 -1 
182 6 556 194 69 80 -1 -1 -1 -1 
182 11 576 279 63 134 -1 -1 -1 -1 
183 1 474 145 49 66 -1 -1 -1 -1 
183 3 462 287 87 117 -1 -1 -1 -1 
183 6 556 194 69 79 -1 -1 -1 -1 
183 11 575 280 64 130 -1 -1 -1 -1 
184 1 474 145 49 66 -1 -1 -1 -1 
184 3 462 287 87 119 -1 -1 -1 -1 
184 6 555 194 70 79 -1 -1 -1 -1 
184 11 576 280 63 134 -1 -1 -1 -1 
185 1 474 145 49 67 -1 -1 -1 -1 
185 3 461 287 86 123 -1 -1 -1 -1 
185 6 557 196 66 76 -1 -1 -1 -1 
185 11 579 281 60 133 -1 -1 -1 -1 
186 1 474 145 49 67 -1 -1 -1 -1 
186 3 461 287 85 123 -1 -1 -1 -1 
186 6 557 195 66 77 -1 -1 -1 -1 
186 11 578 281 61 133 -1 -1 -1 -1 
187 1 474 145 49 67 -1 -1 -1 -1 
187 3 462 287 84 122 -1 -1 -1 -1 
187 6 557 195 66 77 -1 -1 -1 -1 
187 11 578 279 61 135 -1 -1 -1 -1 
188 1 474 145 49 67 -1 -1 -1 -1 
188 3 462 287 84 122 -1 -1 -1 -1 
188 6 556 196 67 77 -1 -1 -1 -1 
188 11 579 280 60 133 -1 -1 -1 -1 
189 1 474 145 49 67 -1 -1 -1 -1 
189 3 461 287 86 122 -1 -1 -1 -1 
189 6 557 196 66 76 -1 -1 -1 -1 
189 11 578 280 61 134 -1 -1 -1 -1 
190 1 474 145 49 67 -1 -1 -1 -1 
190 3 461 287 86 122 -1 -1 -1 -1 
190 6 557 195 66 77 -1 -1 -1 -1 
190 11 578 280 61 135 -1 -1 -1 -1 
191 1 474 145 49 67 -1 -1 -1 -1 
191 3 461 287 86 122 -1 -1 -1 -1 
191 6 556 196 67 76 -1 -1 -1 -1 
191 11 578 279 61 136 -1 -1 -1 -1 
192 1 474 145 49 67 -1 -1 -1 -1 
192 3 461 287 90 122 -1 -1 -1 -1 
192 6 557 196 66 76 -1 -1 -1 -1 
192 11 578 279 61 138 -1 -1 -1 -1 
193 1 475 145 48 67 -1 -1 -1 -1 
193 3 461 288 86 121 -1 -1 -1 -1 
193 6 557 196 66 76 -1 -1 -1 -1 
193 11 578 279 61 137 -1 -1 -1 -1 
194 1 475 144 48 68 -1 -1 -1 -1 
194 3 461 288 88 123 -1 -1 -1 -1 
194 6 556 196 67 76 -1 -1 -1 -1 
194 11 578 280 61 136 -1 -1 -1 -1 
195 1 475 145 48 66 -1 -1 -1 -1 
195 3 461 288 96 115 -1 -1 -1 -1 
195 6 556 196 67 76 -1 -1 -1 -1 
195 11 579 280 60 134 -1 -1 -1 -1 
196 1 475 145 48 66 -1 -1 -1 -1 
196 3 461 288 91 117 -1 -1 -1 -1 
196 6 556 196 67 76 -1 -1 -1 -1 
196 11 578 280 61 134 -1 -1 -1 -1 
197 1 475 145 48 66 -1 -1 -1 -1 
197 3 461 288 88 117 -1 -1 -1 -1 
197 6 556 196 67 76 -1 -1 -1 -1 
197 11 578 280 61 134 -1 -1 -1 -1 
198 1 475 145 48 66 -1 -1 -1 -1 
198 3 461 288 93 116 -1 -1 -1 -1 
198 6 556 196 67 76 -1 -1 -1 -1 
198 11 578 278 61 139 -1 -1 -1 -1 
199 1 475 145 48 66 -1 -1 -1 -1 
199 3 461 287 88 117 -1 -1 -1 -1 
199 6 556 196 67 76 -1 -1 -1 -1 
199 11 578 278 61 136 -1 -1 -1 -1 
200 1 475 145 48 66 -1 -1 -1 -1 
200 3 461 287 87 117 -1 -1 -1 -1 
200 6 556 196 67 75 -1 -1 -1 -1 
200 11 578 280 61 134 -1 -1 -1 -1 
201 1 475 145 48 66 -1 -1 -1 -1 
201 3 461 288 86 115 -1 -1 -1 -1 
201 6 556 196 66 76 -1 -1 -1 -1 
201 11 578 280 61 137 -1 -1 -1 -1 
202 1 475 145 48 66 -1 -1 -1 -1 
202 3 461 287 88 116 -1 -1 -1 -1 
202 6 556 196 66 76 -1 -1 -1 -1 
202 11 578 279 61 139 -1 -1 -1 -1 
203 1 474 144 49 67 -1 -1 -1 -1 
203 3 461 288 90 113 -1 -1 -1 -1 
203 6 556 196 66 76 -1 -1 -1 -1 
203 11 578 280 61 135 -1 -1 -1 -1 
204 1 474 145 49 66 -1 -1 -1 -1 
204 3 461 288 86 117 -1 -1 -1 -1 
204 6 555 195 69 77 -1 -1 -1 -1 
204 11 579 280 60 135 -1 -1 -1 -1 
205 1 475 144 48 67 -1 -1 -1 -1 
205 3 461 288 86 115 -1 -1 -1 -1 
205 6 555 195 69 78 -1 -1 -1 -1 
205 11 579 280 60 136 -1 -1 -1 -1 
206 1 475 144 50 67 -1 -1 -1 -1 
206 3 461 289 87 116 -1 -1 -1 -1 
206 6 555 194 70 79 -1 -1 -1 -1 
206 11 579 277 60 142 -1 -1 -1 -1 
207 1 476 144 49 67 -1 -1 -1 -1 
207 3 461 289 86 116 -1 -1 -1 -1 
207 6 555 195 70 78 -1 -1 -1 -1 
207 11 579 280 60 134 -1 -1 -1 -1 
208 1 477 144 50 67 -1 -1 -1 -1 
208 3 461 289 88 115 -1 -1 -1 -1 
208 6 555 194 69 80 -1 -1 -1 -1 
208 11 579 280 60 135 -1 -1 -1 -1 
209 1 479 144 52 68 -1 -1 -1 -1 
209 3 461 288 91 116 -1 -1 -1 -1 
209 6 555 195 69 79 -1 -1 -1 -1 
209 11 579 279 60 136 -1 -1 -1 -1 
210 1 479 146 58 66 -1 -1 -1 -1 
210 3 461 288 88 117 -1 -1 -1 -1 
210 6 555 195 69 79 -1 -1 -1 -1 
210 11 578 280 61 133 -1 -1 -1 -1 
211 1 482 147 53 64 -1 -1 -1 -1 
211 3 461 288 87 117 -1 -1 -1 -1 
211 6 554 196 70 78 -1 -1 -1 -1 
211 11 578 280 61 132 -1 -1 -1 -1 
212 1 480 146 57 66 -1 -1 -1 -1 
212 3 461 287 86 116 -1 -1 -1 -1 
212 6 554 195 71 79 -1 -1 -1 -1 
212 11 578 279 61 131 -1 -1 -1 -1 
213 1 480 145 57 67 -1 -1 -1 -1 
213 3 461 287 91 116 -1 -1 -1 -1 
213 6 554 194 72 80 -1 -1 -1 -1 
213 11 578 280 61 138 -1 -1 -1 -1 
214 1 479 145 57 67 -1 -1 -1 -1 
214 3 461 287 85 114 -1 -1 -1 -1 
214 6 554 193 70 81 -1 -1 -1 -1 
214 11 578 279 61 139 -1 -1 -1 -1 
215 1 478 146 60 66 -1 -1 -1 -1 
215 3 462 287 84 115 -1 -1 -1 -1 
215 6 555 195 69 79 -1 -1 -1 -1 
215 11 578 279 61 141 -1 -1 -1 -1 
216 1 478 147 60 66 -1 -1 -1 -1 
216 3 461 287 85 115 -1 -1 -1 -1 
216 6 555 195 69 79 -1 -1 -1 -1 
217 1 480 145 58 68 -1 -1 -1 -1 
217 3 461 287 84 116 -1 -1 -1 -1 
217 6 555 196 69 78 -1 -1 -1 -1 
217 11 578 276 61 140 -1 -1 -1 -1 
218 1 484 146 52 67 -1 -1 -1 -1 
218 3 461 287 84 116 -1 -1 -1 -1 
218 6 555 196 68 78 -1 -1 -1 -1 
218 11 577 275 62 140 -1 -1 -1 -1 
219 1 486 147 49 65 -1 -1 -1 -1 
219 3 461 288 86 115 -1 -1 -1 -1 
219 6 554 196 70 79 -1 -1 -1 -1 
219 11 579 272 60 147 -1 -1 -1 -1 
220 1 484 148 52 62 -1 -1 -1 -1 
220 3 461 289 85 112 -1 -1 -1 -1 
220 6 554 196 70 79 -1 -1 -1 -1 
220 11 579 271 60 151 -1 -1 -1 -1 
221 1 484 148 52 62 -1 -1 -1 -1 
221 3 461 288 86 113 -1 -1 -1 -1 
221 6 554 196 70 80 -1 -1 -1 -1 
222 3 461 288 85 114 -1 -1 -1 -1 
222 6 554 196 70 80 -1 -1 -1 -1 
222 11 580 264 59 167 -1 -1 -1 -1 
223 3 461 288 89 116 -1 -1 -1 -1 
223 6 554 196 71 81 -1 -1 -1 -1 
223 11 579 269 60 150 -1 -1 -1 -1 
224 1 484 151 52 60 -1 -1 -1 -1 
224 3 461 288 89 115 -1 -1 -1 -1 
224 6 555 197 70 79 -1 -1 -1 -1 
224 11 578 270 61 144 -1 -1 -1 -1 
225 1 484 148 52 62 -1 -1 -1 -1 
225 3 461 288 90 114 -1 -1 -1 -1 
225 6 555 196 70 80 -1 -1 -1 -1 
225 11 578 268 61 148 -1 -1 -1 -1 
226 1 484 147 52 63 -1 -1 -1 -1 
226 3 461 288 91 114 -1 -1 -1 -1 
226 6 555 196 70 80 -1 -1 -1 -1 
226 11 578 267 61 149 -1 -1 -1 -1 
227 1 484 147 52 63 -1 -1 -1 -1 
227 3 461 288 91 114 -1 -1 -1 -1 
227 6 555 196 70 81 -1 -1 -1 -1 
228 1 484 149 53 61 -1 -1 -1 -1 
228 3 461 288 91 113 -1 -1 -1 -1 
228 6 555 196 70 80 -1 -1 -1 -1 
228 11 578 269 61 144 -1 -1 -1 -1 
229 1 485 149 52 64 -1 -1 -1 -1 
229 3 461 288 90 113 -1 -1 -1 -1 
229 6 555 196 70 80 -1 -1 -1 -1 
229 11 577 268 62 144 -1 -1 -1 -1 
230 1 485 149 51 63 -1 -1 -1 -1 
230 3 461 288 90 113 -1 -1 -1 -1 
230 6 555 196 71 79 -1 -1 -1 -1 
230 11 578 269 61 141 -1 -1 -1 -1 
231 1 485 149 51 63 -1 -1 -1 -1 
231 3 461 288 91 114 -1 -1 -1 -1 
231 6 555 196 70 80 -1 -1 -1 -1 
232 1 484 148 53 62 -1 -1 -1 -1 
232 3 461 288 92 114 -1 -1 -1 -1 
232 6 555 196 70 78 -1 -1 -1 -1 
233 1 483 146 53 64 -1 -1 -1 -1 
233 3 461 288 95 114 -1 -1 -1 -1 
233 6 554 197 69 77 -1 -1 -1 -1 
234 1 483 146 53 64 -1 -1 -1 -1 
234 3 461 288 93 112 -1 -1 -1 -1 
234 6 555 197 68 77 -1 -1 -1 -1 
235 1 483 146 53 64 -1 -1 -1 -1 
235 3 461 287 92 113 -1 -1 -1 -1 
235 6 555 197 68 76 -1 -1 -1 -1 
235 11 579 266 60 150 -1 -1 -1 -1 
236 1 483 146 54 64 -1 -1 -1 -1 
236 3 461 288 89 112 -1 -1 -1 -1 
236 6 555 197 68 76 -1 -1 -1 -1 
236 11 580 259 59 164 -1 -1 -1 -1 
237 1 483 146 54 64 -1 -1 -1 -1 
237 3 461 288 88 113 -1 -1 -1 -1 
237 6 555 198 68 75 -1 -1 -1 -1 
237 11 579 261 60 160 -1 -1 -1 -1 
238 1 483 146 54 64 -1 -1 -1 -1 
238 3 461 288 88 113 -1 -1 -1 -1 
238 6 556 198 67 75 -1 -1 -1 -1 
238 11 579 263 60 154 -1 -1 -1 -1 
239 1 483 146 54 64 -1 -1 -1 -1 
239 3 461 288 87 113 -1 -1 -1 -1 
239 6 555 197 68 76 -1 -1 -1 -1 
239 11 580 262 59 154 -1 -1 -1 -1 
240 1 483 146 54 64 -1 -1 -1 -1 
240 3 461 287 87 114 -1 -1 -1 -1 
240 6 555 197 69 77 -1 -1 -1 -1 
240 11 580 264 59 151 -1 -1 -1 -1 
241 1 483 146 54 64 -1 -1 -1 -1 
241 3 461 287 88 115 -1 -1 -1 -1 
241 6 555 197 68 77 -1 -1 -1 -1 
241 11 580 261 59 159 -1 -1 -1 -1 
242 1 483 147 53 63 -1 -1 -1 -1 
242 3 461 287 87 115 -1 -1 -1 -1 
242 6 554 197 71 78 -1 -1 -1 -1 
243 1 484 147 52 63 -1 -1 -1 -1 
243 3 461 287 87 115 -1 -1 -1 -1 
243 6 554 197 72 78 -1 -1 -1 -1 
244 1 484 147 52 63 -1 -1 -1 -1 
244 3 461 287 88 116 -1 -1 -1 -1 
244 6 555 197 71 78 -1 -1 -1 -1 
244 11 579 262 60 160 -1 -1 -1 -1 
245 1 484 147 52 63 -1 -1 -1 -1 
245 3 461 288 95 116 -1 -1 -1 -1 
245 6 555 197 70 78 -1 -1 -1 -1 
245 11 579 253 60 181 -1 -1 -1 -1 
246 1 484 147 52 63 -1 -1 -1 -1 
246 3 461 288 88 116 -1 -1 -1 -1 
246 6 555 197 70 78 -1 -1 -1 -1 
246 11 579 254 60 179 -1 -1 -1 -1 
247 1 484 147 52 63 -1 -1 -1 -1 
247 3 461 289 87 114 -1 -1 -1 -1 
247 6 556 196 69 77 -1 -1 -1 -1 
247 11 579 254 60 181 -1 -1 -1 -1 
248 1 484 147 52 63 -1 -1 -1 -1 
248 3 461 289 87 114 -1 -1 -1 -1 
248 6 555 196 70 78 -1 -1 -1 -1 
248 11 579 257 60 175 -1 -1 -1 -1 
249 1 484 147 52 63 -1 -1 -1 -1 
249 3 461 289 88 115 -1 -1 -1 -1 
249 6 555 196 70 78 -1 -1 -1 -1 
249 11 580 252 59 188 -1 -1 -1 -1 
250 1 484 147 52 63 -1 -1 -1 -1 
250 3 461 288 87 116 -1 -1 -1 -1 
250 6 555 197 70 77 -1 -1 -1 -1 
250 11 580 257 59 178 -1 -1 -1 -1 
251 1 484 145 53 65 -1 -1 -1 -1 
251 3 460 289 91 119 -1 -1 -1 -1 
251 6 555 196 69 78 -1 -1 -1 -1 
252 1 483 146 54 64 -1 -1 -1 -1 
252 3 460 288 87 120 -1 -1 -1 -1 
252 6 555 196 69 78 -1 -1 -1 -1 
253 1 483 145 54 65 -1 -1 -1 -1 
253 3 460 288 87 119 -1 -1 -1 -1 
253 6 555 197 69 77 -1 -1 -1 -1 
254 1 483 146 54 64 -1 -1 -1 -1 
254 3 460 288 87 120 -1 -1 -1 -1 
254 6 555 197 68 77 -1 -1 -1 -1 
255 1 483 145 54 65 -1 -1 -1 -1 
255 3 460 288 87 120 -1 -1 -1 -1 
255 6 555 197 68 77 -1 -1 -1 -1 
256 1 483 146 54 64 -1 -1 -1 -1 
256 3 460 288 87 119 -1 -1 -1 -1 
256 6 555 197 68 77 -1 -1 -1 -1 
257 1 484 146 53 64 -1 -1 -1 -1 
257 3 460 288 87 119 -1 -1 -1 -1 
257 6 555 197 68 77 -1 -1 -1 -1 
258 1 483 147 53 63 -1 -1 -1 -1 
258 3 461 288 85 113 -1 -1 -1 -1 
258 6 556 196 67 76 -1 -1 -1 -1 
259 1 483 146 53 64 -1 -1 -1 -1 
259 3 461 288 86 113 -1 -1 -1 -1 
259 6 556 196 67 76 -1 -1 -1 -1 
259 11 579 272 60 138 -1 -1 -1 -1 
260 1 483 146 54 64 -1 -1 -1 -1 
260 3 461 288 86 113 -1 -1 -1 -1 
260 6 556 196 67 76 -1 -1 -1 -1 
261 1 483 146 54 64 -1 -1 -1 -1 
261 3 461 288 86 112 -1 -1 -1 -1 
261 6 556 197 67 75 -1 -1 -1 -1 
261 11 580 272 59 138 -1 -1 -1 -1 
262 1 483 146 54 64 -1 -1 -1 -1 
262 3 461 288 86 112 -1 -1 -1 -1 
262 6 556 197 67 75 -1 -1 -1 -1 
262 11 579 273 60 138 -1 -1 -1 -1 
263 1 483 146 54 64 -1 -1 -1 -1 
263 3 461 288 86 112 -1 -1 -1 -1 
263 6 556 197 67 75 -1 -1 -1 -1 
263 11 580 270 59 145 -1 -1 -1 -1 
264 1 483 146 54 64 -1 -1 -1 -1 
264 3 460 288 87 113 -1 -1 -1 -1 
264 6 556 197 67 75 -1 -1 -1 -1 
264 11 580 269 59 146 -1 -1 -1 -1 
265 1 483 146 54 64 -1 -1 -1 -1 
265 3 461 287 85 113 -1 -1 -1 -1 
265 6 556 197 67 75 -1 -1 -1 -1 
265 11 579 271 60 141 -1 -1 -1 -1 
266 1 483 145 54 65 -1 -1 -1 -1 
266 3 461 288 86 116 -1 -1 -1 -1 
266 6 557 197 66 74 -1 -1 -1 -1 
267 1 483 145 54 65 -1 -1 -1 -1 
267 3 461 288 86 116 -1 -1 -1 -1 
267 6 557 196 66 75 -1 -1 -1 -1 
268 1 483 145 54 65 -1 -1 -1 -1 
268 3 461 288 85 116 -1 -1 -1 -1 
268 6 557 196 66 76 -1 -1 -1 -1 
269 1 483 145 54 65 -1 -1 -1 -1 
269 3 461 288 84 115 -1 -1 -1 -1 
269 6 557 196 66 75 -1 -1 -1 -1 
270 1 483 144 54 66 -1 -1 -1 -1 
270 3 461 288 85 116 -1 -1 -1 -1 
270 6 557 196 66 76 -1 -1 -1 -1 
271 1 483 144 54 66 -1 -1 -1 -1 
271 3 461 288 84 116 -1 -1 -1 -1 
271 6 557 195 66 76 -1 -1 -1 -1 
272 1 483 145 54 65 -1 -1 -1 -1 
272 3 461 288 85 115 -1 -1 -1 -1 
272 6 557 195 66 76 -1 -1 -1 -1 
273 1 483 145 54 65 -1 -1 -1 -1 
273 3 461 288 85 116 -1 -1 -1 -1 
273 6 557 196 66 75 -1 -1 -1 -1 
274 1 483 145 54 65 -1 -1 -1 -1 
274 3 461 288 85 115 -1 -1 -1 -1 
274 6 557 196 66 75 -1 -1 -1 -1 
275 1 483 145 54 65 -1 -1 -1 -1 
275 3 461 288 85 116 -1 -1 -1 -1 
275 6 553 197 69 70 -1 -1 -1 -1 
275 11 581 262 58 164 -1 -1 -1 -1 
276 1 484 145 53 65 -1 -1 -1 -1 
276 3 460 288 89 117 -1 -1 -1 -1 
276 6 556 197 67 73 -1 -1 -1 -1 
277 1 484 145 53 65 -1 -1 -1 -1 
277 3 461 288 90 117 -1 -1 -1 -1 
277 6 557 198 66 71 -1 -1 -1 -1 
277 11 580 257 59 187 -1 -1 -1 -1 
278 1 483 145 54 65 -1 -1 -1 -1 
278 3 461 288 89 116 -1 -1 -1 -1 
278 6 557 196 66 73 -1 -1 -1 -1 
278 11 580 262 59 178 -1 -1 -1 -1 
279 1 483 146 53 64 -1 -1 -1 -1 
279 3 461 287 89 117 -1 -1 -1 -1 
279 6 557 195 67 74 -1 -1 -1 -1 
280 1 483 146 54 64 -1 -1 -1 -1 
280 3 461 287 89 117 -1 -1 -1 -1 
280 6 557 195 67 74 -1 -1 -1 -1 
281 1 484 146 53 64 -1 -1 -1 -1 
281 3 461 288 85 116 -1 -1 -1 -1 
281 6 557 195 67 74 -1 -1 -1 -1 
281 11 580 267 59 166 -1 -1 -1 -1 
282 1 483 146 54 64 -1 -1 -1 -1 
282 3 461 288 86 117 -1 -1 -1 -1 
282 6 557 195 67 74 -1 -1 -1 -1 
282 11 580 271 59 155 -1 -1 -1 -1 
283 1 483 145 54 65 -1 -1 -1 -1 
283 3 460 288 86 120 -1 -1 -1 -1 
283 6 557 195 67 74 -1 -1 -1 -1 
283 11 580 262 59 181 -1 -1 -1 -1 
284 1 483 145 55 65 -1 -1 -1 -1 
284 3 460 287 87 120 -1 -1 -1 -1 
284 6 557 195 67 74 -1 -1 -1 -1 
284 11 581 265 58 177 -1 -1 -1 -1 
285 1 483 147 54 63 -1 -1 -1 -1 
285 3 461 287 99 121 -1 -1 -1 -1 
285 6 555 194 69 77 -1 -1 -1 -1 
285 11 580 259 59 179 -1 -1 -1 -1 
286 1 483 147 54 63 -1 -1 -1 -1 
286 3 461 287 99 120 -1 -1 -1 -1 
286 6 555 194 69 77 -1 -1 -1 -1 
287 1 483 146 55 64 -1 -1 -1 -1 
287 3 461 287 95 120 -1 -1 -1 -1 
287 6 554 193 72 80 -1 -1 -1 -1 
288 1 484 146 53 64 -1 -1 -1 -1 
288 3 461 286 94 120 -1 -1 -1 -1 
288 6 554 191 71 81 -1 -1 -1 -1 
289 1 484 148 52 61 -1 -1 -1 -1 
289 3 461 286 98 121 -1 -1 -1 -1 
289 6 554 191 72 83 -1 -1 -1 -1 
290 1 485 146 48 66 -1 -1 -1 -1 
290 3 461 286 94 122 -1 -1 -1 -1 
290 6 555 191 71 81 -1 -1 -1 -1 
290 11 580 262 59 167 -1 -1 -1 -1 
291 1 485 146 47 67 -1 -1 -1 -1 
291 3 461 287 93 123 -1 -1 -1 -1 
291 6 556 192 68 78 -1 -1 -1 -1 
291 11 580 270 59 150 -1 -1 -1 -1 
292 1 483 150 47 63 -1 -1 -1 -1 
292 3 461 286 94 123 -1 -1 -1 -1 
292 6 549 193 74 75 -1 -1 -1 -1 
292 11 579 265 60 165 -1 -1 -1 -1 
293 1 483 149 47 64 -1 -1 -1 -1 
293 3 461 286 100 119 -1 -1 -1 -1 
293 6 549 195 73 76 -1 -1 -1 -1 
294 1 482 151 47 61 -1 -1 -1 -1 
294 3 461 287 101 114 -1 -1 -1 -1 
294 6 551 195 71 78 -1 -1 -1 -1 
295 1 482 146 50 67 -1 -1 -1 -1 
295 3 461 287 94 112 -1 -1 -1 -1 
295 6 552 194 71 82 -1 -1 -1 -1 
296 1 482 147 50 65 -1 -1 -1 -1 
296 3 461 287 96 112 -1 -1 -1 -1 
296 6 552 191 72 85 -1 -1 -1 -1 
297 1 482 148 48 65 -1 -1 -1 -1 
297 3 461 287 98 113 -1 -1 -1 -1 
297 6 554 194 69 80 -1 -1 -1 -1 
297 11 580 270 59 148 -1 -1 -1 -1 
298 1 482 149 46 63 -1 -1 -1 -1 
298 3 461 287 94 115 -1 -1 -1 -1 
298 6 554 196 69 77 -1 -1 -1 -1 
298 11 580 267 59 159 -1 -1 -1 -1 
299 1 481 145 47 68 -1 -1 -1 -1 
299 3 461 287 98 115 -1 -1 -1 -1 
299 6 554 196 69 77 -1 -1 -1 -1 
299 11 579 270 60 155 -1 -1 -1 -1 
300 1 481 146 47 67 -1 -1 -1 -1 
300 3 461 287 89 115 -1 -1 -1 -1 
300 6 554 190 70 84 -1 -1 -1 -1 
301 1 484 141 45 71 -1 -1 -1 -1 
301 3 461 287 86 115 -1 -1 -1 -1 
301 6 553 183 68 91 -1 -1 -1 -1 
302 1 484 146 45 67 -1 -1 -1 -1 
302 3 461 287 91 114 -1 -1 -1 -1 
302 6 556 184 66 92 -1 -1 -1 -1 
303 1 483 147 45 66 -1 -1 -1 -1 
303 3 461 288 88 117 -1 -1 -1 -1 
303 6 557 185 66 90 -1 -1 -1 -1 
304 1 482 150 46 63 -1 -1 -1 -1 
304 3 461 288 88 117 -1 -1 -1 -1 
304 6 558 189 65 86 -1 -1 -1 -1 
305 1 482 150 46 63 -1 -1 -1 -1 
305 3 461 288 91 117 -1 -1 -1 -1 
305 6 559 187 63 87 -1 -1 -1 -1 
306 3 461 287 98 118 -1 -1 -1 -1 
306 6 560 191 61 83 -1 -1 -1 -1 
307 3 461 287 96 119 -1 -1 -1 -1 
307 6 559 189 63 85 -1 -1 -1 -1 
307 11 580 267 59 163 -1 -1 -1 -1 
308 3 461 287 92 119 -1 -1 -1 -1 
308 6 559 191 62 83 -1 -1 -1 -1 
308 11 580 269 59 159 -1 -1 -1 -1 
309 1 482 146 57 65 -1 -1 -1 -1 
309 3 461 287 98 120 -1 -1 -1 -1 
309 6 559 189 63 85 -1 -1 -1 -1 
309 11 580 272 59 153 -1 -1 -1 -1 
310 1 480 148 52 64 -1 -1 -1 -1 
310 3 461 288 98 117 -1 -1 -1 -1 
310 6 559 190 62 84 -1 -1 -1 -1 
311 1 480 149 48 63 -1 -1 -1 -1 
311 3 460 276 93 130 -1 -1 -1 -1 
311 6 559 190 64 84 -1 -1 -1 -1 
311 11 580 274 59 141 -1 -1 -1 -1 
312 1 479 149 49 64 -1 -1 -1 -1 
312 3 461 279 92 125 -1 -1 -1 -1 
312 6 559 190 64 84 -1 -1 -1 -1 
313 1 479 148 51 64 -1 -1 -1 -1 
313 3 461 284 98 119 -1 -1 -1 -1 
313 6 559 190 64 84 -1 -1 -1 -1 
313 11 580 271 59 143 -1 -1 -1 -1 
314 1 479 148 52 63 -1 -1 -1 -1 
314 3 462 284 102 119 -1 -1 -1 -1 
314 6 559 191 64 83 -1 -1 -1 -1 
315 1 479 147 53 65 -1 -1 -1 -1 
315 3 462 283 106 121 -1 -1 -1 -1 
315 6 559 192 63 81 -1 -1 -1 -1 
316 1 479 147 53 65 -1 -1 -1 -1 
316 3 461 283 105 120 -1 -1 -1 -1 
317 3 461 283 106 120 -1 -1 -1 -1 
317 6 559 192 64 81 -1 -1 -1 -1 
318 3 461 283 101 120 -1 -1 -1 -1 
318 6 560 195 62 77 -1 -1 -1 -1 
319 1 480 145 56 66 -1 -1 -1 -1 
319 3 461 284 102 119 -1 -1 -1 -1 
319 6 559 197 62 74 -1 -1 -1 -1 
320 1 481 145 52 66 -1 -1 -1 -1 
320 3 460 284 100 117 -1 -1 -1 -1 
320 6 560 195 62 77 -1 -1 -1 -1 
321 1 481 144 53 67 -1 -1 -1 -1 
321 3 461 284 108 117 -1 -1 -1 -1 
321 6 560 192 63 81 -1 -1 -1 -1 
321 11 580 263 59 159 -1 -1 -1 -1 
322 1 480 144 53 68 -1 -1 -1 -1 
322 3 461 283 106 118 -1 -1 -1 -1 
322 6 560 194 61 78 -1 -1 -1 -1 
322 11 580 264 59 162 -1 -1 -1 -1 
323 1 480 144 52 68 -1 -1 -1 -1 
323 3 461 283 110 118 -1 -1 -1 -1 
323 6 560 194 60 79 -1 -1 -1 -1 
323 11 580 266 59 156 -1 -1 -1 -1 
324 1 480 143 53 69 -1 -1 -1 -1 
324 3 461 282 108 120 -1 -1 -1 -1 
324 6 559 192 62 81 -1 -1 -1 -1 
324 11 579 264 60 163 -1 -1 -1 -1 
325 1 480 142 54 70 -1 -1 -1 -1 
325 3 460 282 102 119 -1 -1 -1 -1 
325 6 560 193 62 81 -1 -1 -1 -1 
325 11 580 262 59 165 -1 -1 -1 -1 
326 1 480 142 54 70 -1 -1 -1 -1 
326 3 460 283 99 118 -1 -1 -1 -1 
326 6 560 191 60 81 -1 -1 -1 -1 
326 11 580 264 59 168 -1 -1 -1 -1 
327 1 480 142 54 70 -1 -1 -1 -1 
327 3 461 283 97 116 -1 -1 -1 -1 
327 6 559 189 62 84 -1 -1 -1 -1 
328 1 480 143 53 69 -1 -1 -1 -1 
328 3 461 283 89 115 -1 -1 -1 -1 
328 6 558 192 65 81 -1 -1 -1 -1 
329 1 481 143 51 69 -1 -1 -1 -1 
329 3 461 282 87 119 -1 -1 -1 -1 
329 6 555 193 59 86 -1 -1 -1 -1 
330 1 481 143 51 69 -1 -1 -1 -1 
330 3 461 283 86 116 -1 -1 -1 -1 
330 6 556 193 56 83 -1 -1 -1 -1 
331 1 481 143 52 69 -1 -1 -1 -1 
331 3 461 284 86 114 -1 -1 -1 -1 
331 6 558 192 55 90 -1 -1 -1 -1 
332 1 481 143 51 69 -1 -1 -1 -1 
332 3 461 284 85 114 -1 -1 -1 -1 
332 6 558 192 58 84 -1 -1 -1 -1 
333 1 481 145 52 67 -1 -1 -1 -1 
333 3 461 284 86 114 -1 -1 -1 -1 
333 6 557 194 59 83 -1 -1 -1 -1 
334 1 482 145 52 67 -1 -1 -1 -1 
334 3 461 284 86 114 -1 -1 -1 -1 
334 6 557 192 59 87 -1 -1 -1 -1 
335 1 481 147 56 64 -1 -1 -1 -1 
335 3 460 285 87 112 -1 -1 -1 -1 
335 6 557 193 58 89 -1 -1 -1 -1 
336 1 481 147 53 65 -1 -1 -1 -1 
336 3 462 284 85 111 -1 -1 -1 -1 
336 6 559 193 59 84 -1 -1 -1 -1 
337 1 481 146 54 64 -1 -1 -1 -1 
337 3 461 283 87 115 -1 -1 -1 -1 
337 6 559 193 64 80 -1 -1 -1 -1 
338 1 481 146 54 64 -1 -1 -1 -1 
338 3 461 284 86 116 -1 -1 -1 -1 
339 3 462 284 85 116 -1 -1 -1 -1 
339 6 560 198 63 73 -1 -1 -1 -1 
340 3 462 283 86 117 -1 -1 -1 -1 
340 6 559 199 64 71 -1 -1 -1 -1 
341 3 462 284 85 114 -1 -1 -1 -1 
341 6 559 201 63 69 -1 -1 -1 -1 
342 3 462 283 85 116 -1 -1 -1 -1 
342 6 559 201 63 69 -1 -1 -1 -1 
343 1 482 148 52 63 -1 -1 -1 -1 
343 3 462 284 85 114 -1 -1 -1 -1 
343 6 560 199 61 71 -1 -1 -1 -1 
344 1 481 146 55 64 -1 -1 -1 -1 
344 3 461 284 86 113 -1 -1 -1 -1 
344 6 560 199 62 71 -1 -1 -1 -1 
345 1 481 146 55 64 -1 -1 -1 -1 
345 3 460 282 87 114 -1 -1 -1 -1 
346 3 461 283 86 113 -1 -1 -1 -1 
346 6 560 198 61 72 -1 -1 -1 -1 
347 1 481 147 54 63 -1 -1 -1 -1 
347 3 461 283 86 114 -1 -1 -1 -1 
347 6 560 196 61 75 -1 -1 -1 -1 
348 1 481 147 54 63 -1 -1 -1 -1 
348 3 460 283 87 115 -1 -1 -1 -1 
348 6 559 188 63 85 -1 -1 -1 -1 
349 1 481 146 53 66 -1 -1 -1 -1 
349 3 461 284 86 111 -1 -1 -1 -1 
349 6 559 189 63 83 -1 -1 -1 -1 
350 1 481 146 53 66 -1 -1 -1 -1 
350 3 460 285 91 112 -1 -1 -1 -1 
350 6 560 188 60 85 -1 -1 -1 -1 
351 1 481 146 53 66 -1 -1 -1 -1 
351 3 461 284 115 115 -1 -1 -1 -1 
351 6 559 188 62 85 -1 -1 -1 -1 
351 11 577 238 62 187 -1 -1 -1 -1 
352 1 481 146 53 66 -1 -1 -1 -1 
352 3 462 283 115 116 -1 -1 -1 -1 
352 6 559 188 61 84 -1 -1 -1 -1 
352 11 582 270 57 141 -1 -1 -1 -1 
353 1 481 146 54 66 -1 -1 -1 -1 
353 3 461 285 118 116 -1 -1 -1 -1 
353 6 559 189 62 83 -1 -1 -1 -1 
353 11 579 260 60 146 -1 -1 -1 -1 
354 1 482 146 52 65 -1 -1 -1 -1 
354 3 461 284 107 118 -1 -1 -1 -1 
354 6 560 189 62 84 -1 -1 -1 -1 
355 1 481 145 53 66 -1 -1 -1 -1 
355 3 461 283 86 115 -1 -1 -1 -1 
355 6 560 190 64 84 -1 -1 -1 -1 
356 1 482 146 52 66 -1 -1 -1 -1 
356 3 462 284 85 116 -1 -1 -1 -1 
356 6 560 199 62 72 -1 -1 -1 -1 
357 1 482 146 52 66 -1 -1 -1 -1 
357 3 461 284 86 113 -1 -1 -1 -1 
357 6 559 193 64 80 -1 -1 -1 -1 
358 3 461 285 86 112 -1 -1 -1 -1 
358 6 559 195 64 79 -1 -1 -1 -1 
358 11 576 261 63 154 -1 -1 -1 -1 
359 3 461 284 86 114 -1 -1 -1 -1 
359 6 559 193 64 81 -1 -1 -1 -1 
359 11 579 258 60 158 -1 -1 -1 -1 
360 3 460 285 87 113 -1 -1 -1 -1 
360 6 558 195 66 80 -1 -1 -1 -1 
361 1 481 147 53 64 -1 -1 -1 -1 
361 3 460 285 89 112 -1 -1 -1 -1 
361 6 557 196 67 79 -1 -1 -1 -1 
362 1 481 147 53 64 -1 -1 -1 -1 
362 3 460 285 87 112 -1 -1 -1 -1 
363 1 481 147 53 64 -1 -1 -1 -1 
363 3 459 284 88 117 -1 -1 -1 -1 
363 6 557 195 66 78 -1 -1 -1 -1 
363 11 577 242 62 191 -1 -1 -1 -1 
364 1 482 147 52 64 -1 -1 -1 -1 
364 3 459 284 87 116 -1 -1 -1 -1 
364 6 558 195 65 77 -1 -1 -1 -1 
365 1 481 147 53 64 -1 -1 -1 -1 
365 3 459 284 88 116 -1 -1 -1 -1 
365 6 558 195 65 78 -1 -1 -1 -1 
366 1 481 147 54 63 -1 -1 -1 -1 
366 3 459 284 88 116 -1 -1 -1 -1 
366 6 557 194 67 80 -1 -1 -1 -1 
367 1 478 147 57 65 -1 -1 -1 -1 
367 3 459 285 88 115 -1 -1 -1 -1 
367 6 556 195 67 78 -1 -1 -1 -1 
368 1 479 146 59 66 -1 -1 -1 -1 
368 3 460 284 90 117 -1 -1 -1 -1 
368 6 556 195 67 78 -1 -1 -1 -1 
368 11 579 231 60 213 -1 -1 -1 -1 
369 1 480 146 58 66 -1 -1 -1 -1 
369 3 460 284 92 117 -1 -1 -1 -1 
369 6 557 196 66 77 -1 -1 -1 -1 
369 11 578 242 61 193 -1 -1 -1 -1 
370 1 480 146 58 66 -1 -1 -1 -1 
370 3 459 284 88 116 -1 -1 -1 -1 
370 6 557 194 66 80 -1 -1 -1 -1 
371 1 480 146 55 65 -1 -1 -1 -1 
371 3 460 284 91 115 -1 -1 -1 -1 
372 1 479 145 62 65 -1 -1 -1 -1 
372 3 459 284 92 112 -1 -1 -1 -1 
373 1 480 145 61 66 -1 -1 -1 -1 
373 3 459 284 88 110 -1 -1 -1 -1 
374 1 480 144 59 66 -1 -1 -1 -1 
374 3 459 283 90 112 -1 -1 -1 -1 
375 1 479 144 63 67 -1 -1 -1 -1 
375 3 460 283 89 114 -1 -1 -1 -1 
376 1 479 144 61 66 -1 -1 -1 -1 
376 3 460 283 90 112 -1 -1 -1 -1 
377 1 479 144 61 67 -1 -1 -1 -1 
377 3 460 283 86 113 -1 -1 -1 -1 
378 1 478 144 62 67 -1 -1 -1 -1 
378 3 461 283 84 113 -1 -1 -1 -1 
378 16 540 268 99 130 -1 -1 -1 -1 
379 1 478 144 62 67 -1 -1 -1 -1 
379 3 461 283 84 113 -1 -1 -1 -1 
380 1 479 145 60 65 -1 -1 -1 -1 
380 3 462 284 83 109 -1 -1 -1 -1 
380 16 542 263 97 129 -1 -1 -1 -1 
381 1 480 145 57 65 -1 -1 -1 -1 
381 3 462 284 83 112 -1 -1 -1 -1 
381 6 552 198 71 76 -1 -1 -1 -1 
381 16 542 274 96 117 -1 -1 -1 -1 
382 1 481 144 56 67 -1 -1 -1 -1 
382 3 463 279 85 116 -1 -1 -1 -1 
382 6 554 198 69 76 -1 -1 -1 -1 
382 16 541 271 88 124 -1 -1 -1 -1 
383 1 481 145 55 68 -1 -1 -1 -1 
383 3 464 277 82 118 -1 -1 -1 -1 
383 6 554 197 69 79 -1 -1 -1 -1 
383 16 543 269 82 128 -1 -1 -1 -1 
384 1 480 145 55 67 -1 -1 -1 -1 
384 3 463 280 85 112 -1 -1 -1 -1 
384 6 555 196 68 81 -1 -1 -1 -1 
384 16 544 268 81 125 -1 -1 -1 -1 
385 1 481 145 55 67 -1 -1 -1 -1 
385 3 463 283 84 109 -1 -1 -1 -1 
385 6 556 197 68 80 -1 -1 -1 -1 
385 16 552 269 73 124 -1 -1 -1 -1 
386 1 480 143 60 71 -1 -1 -1 -1 
386 3 463 283 84 111 -1 -1 -1 -1 
386 6 554 196 70 86 -1 -1 -1 -1 
386 16 556 271 69 121 -1 -1 -1 -1 
387 1 483 145 59 69 -1 -1 -1 -1 
387 3 463 283 86 110 -1 -1 -1 -1 
387 6 549 196 74 86 -1 -1 -1 -1 
387 16 568 271 57 123 -1 -1 -1 -1 
388 1 485 147 59 67 -1 -1 -1 -1 
388 3 463 281 83 113 -1 -1 -1 -1 
388 6 551 197 71 84 -1 -1 -1 -1 
388 16 558 271 66 123 -1 -1 -1 -1 
389 1 485 149 58 65 -1 -1 -1 -1 
389 3 462 286 86 108 -1 -1 -1 -1 
389 6 552 196 70 84 -1 -1 -1 -1 
389 16 554 271 70 124 -1 -1 -1 -1 
390 1 485 150 56 64 -1 -1 -1 -1 
390 3 462 286 85 107 -1 -1 -1 -1 
390 6 552 196 70 84 -1 -1 -1 -1 
390 16 552 270 71 125 -1 -1 -1 -1 
391 1 484 150 57 64 -1 -1 -1 -1 
391 3 461 285 86 108 -1 -1 -1 -1 
391 6 552 196 70 85 -1 -1 -1 -1 
391 16 552 270 72 126 -1 -1 -1 -1 
392 1 484 150 58 65 -1 -1 -1 -1 
392 3 462 285 86 108 -1 -1 -1 -1 
392 6 551 196 71 84 -1 -1 -1 -1 
392 16 550 270 74 126 -1 -1 -1 -1 
393 1 484 150 57 65 -1 -1 -1 -1 
393 3 463 282 84 110 -1 -1 -1 -1 
393 6 552 197 70 85 -1 -1 -1 -1 
393 16 551 270 73 126 -1 -1 -1 -1 
394 1 484 150 59 64 -1 -1 -1 -1 
394 3 462 282 86 109 -1 -1 -1 -1 
394 6 554 198 69 85 -1 -1 -1 -1 
394 16 568 271 55 128 -1 -1 -1 -1 
395 1 483 148 56 64 -1 -1 -1 -1 
395 3 462 281 84 111 -1 -1 -1 -1 
395 6 555 198 68 86 -1 -1 -1 -1 
395 16 567 272 57 125 -1 -1 -1 -1 
396 1 484 150 55 64 -1 -1 -1 -1 
396 3 461 277 86 114 -1 -1 -1 -1 
396 6 551 198 71 82 -1 -1 -1 -1 
396 16 564 271 60 126 -1 -1 -1 -1 
397 1 484 151 52 62 -1 -1 -1 -1 
397 3 464 283 87 107 -1 -1 -1 -1 
397 6 556 198 70 79 -1 -1 -1 -1 
397 16 564 280 62 109 -1 -1 -1 -1 
398 1 485 148 50 64 -1 -1 -1 -1 
398 3 463 285 85 109 -1 -1 -1 -1 
398 6 555 197 68 75 -1 -1 -1 -1 
398 11 566 276 73 128 -1 -1 -1 -1 
399 1 486 147 53 65 -1 -1 -1 -1 
399 3 464 284 82 110 -1 -1 -1 -1 
399 6 556 197 68 75 -1 -1 -1 -1 
399 11 575 277 64 126 -1 -1 -1 -1 
400 1 484 147 52 65 -1 -1 -1 -1 
400 3 463 285 85 115 -1 -1 -1 -1 
400 6 554 197 70 76 -1 -1 -1 -1 
400 11 582 236 57 155 -1 -1 -1 -1 
401 1 484 147 52 66 -1 -1 -1 -1 
401 3 464 285 82 114 -1 -1 -1 -1 
401 6 553 197 71 78 -1 -1 -1 -1 
402 1 486 147 52 66 -1 -1 -1 -1 
402 3 464 282 84 118 -1 -1 -1 -1 
402 6 553 197 73 77 -1 -1 -1 -1 
403 1 484 148 52 65 -1 -1 -1 -1 
403 3 464 283 83 118 -1 -1 -1 -1 
403 6 554 196 71 78 -1 -1 -1 -1 
404 1 484 147 52 66 -1 -1 -1 -1 
404 3 464 283 83 116 -1 -1 -1 -1 
404 6 554 197 70 77 -1 -1 -1 -1 
405 1 485 147 51 66 -1 -1 -1 -1 
405 3 464 284 84 114 -1 -1 -1 -1 
405 6 553 197 71 77 -1 -1 -1 -1 
406 1 484 147 53 66 -1 -1 -1 -1 
406 3 464 283 85 114 -1 -1 -1 -1 
406 6 554 197 71 78 -1 -1 -1 -1 
407 1 485 147 51 66 -1 -1 -1 -1 
407 3 464 275 93 114 -1 -1 -1 -1 
407 6 554 196 71 77 -1 -1 -1 -1 
408 1 484 147 54 66 -1 -1 -1 -1 
408 3 464 277 86 112 -1 -1 -1 -1 
408 6 555 196 69 76 -1 -1 -1 -1 
408 11 564 242 75 174 -1 -1 -1 -1 
409 1 484 147 55 65 -1 -1 -1 -1 
409 3 463 276 87 115 -1 -1 -1 -1 
409 6 555 196 72 74 -1 -1 -1 -1 
409 11 548 252 91 208 -1 -1 -1 -1 
410 1 483 146 57 67 -1 -1 -1 -1 
410 3 463 275 88 115 -1 -1 -1 -1 
410 6 555 197 71 73 -1 -1 -1 -1 
410 11 550 253 89 208 -1 -1 -1 -1 
411 1 484 146 57 67 -1 -1 -1 -1 
411 3 463 276 88 114 -1 -1 -1 -1 
411 6 555 196 71 72 -1 -1 -1 -1 
411 11 548 254 91 209 -1 -1 -1 -1 
412 1 486 147 50 66 -1 -1 -1 -1 
412 3 463 282 95 112 -1 -1 -1 -1 
412 6 556 197 67 76 -1 -1 -1 -1 
413 1 485 147 50 66 -1 -1 -1 -1 
413 3 463 282 92 111 -1 -1 -1 -1 
413 6 554 196 71 80 -1 -1 -1 -1 
414 1 485 147 50 66 -1 -1 -1 -1 
414 3 463 285 89 110 -1 -1 -1 -1 
414 6 554 196 70 80 -1 -1 -1 -1 
415 1 485 147 50 66 -1 -1 -1 -1 
415 3 463 284 91 112 -1 -1 -1 -1 
415 6 554 196 70 80 -1 -1 -1 -1 
416 1 485 147 51 66 -1 -1 -1 -1 
416 3 463 282 91 115 -1 -1 -1 -1 
416 6 554 196 70 79 -1 -1 -1 -1 
417 1 485 147 50 66 -1 -1 -1 -1 
417 3 463 284 93 113 -1 -1 -1 -1 
417 6 554 196 70 78 -1 -1 -1 -1 
417 11 570 220 69 186 -1 -1 -1 -1 
418 1 485 147 52 66 -1 -1 -1 -1 
418 3 464 283 91 109 -1 -1 -1 -1 
418 6 552 196 72 80 -1 -1 -1 -1 
419 1 485 148 51 65 -1 -1 -1 -1 
419 3 464 283 90 109 -1 -1 -1 -1 
419 6 552 196 72 79 -1 -1 -1 -1 
420 1 485 148 50 65 -1 -1 -1 -1 
420 3 464 284 87 107 -1 -1 -1 -1 
420 6 552 196 72 79 -1 -1 -1 -1 
421 1 485 148 50 65 -1 -1 -1 -1 
421 3 464 282 84 110 -1 -1 -1 -1 
421 6 552 196 72 79 -1 -1 -1 -1 
422 1 485 147 52 65 -1 -1 -1 -1 
422 3 464 286 84 107 -1 -1 -1 -1 
422 6 552 196 72 81 -1 -1 -1 -1 
423 1 485 147 54 65 -1 -1 -1 -1 
423 3 463 284 83 107 -1 -1 -1 -1 
423 6 552 196 72 80 -1 -1 -1 -1 
424 1 485 148 54 64 -1 -1 -1 -1 
424 3 463 285 82 108 -1 -1 -1 -1 
424 6 552 196 73 80 -1 -1 -1 -1 
425 1 485 147 51 65 -1 -1 -1 -1 
425 3 463 282 81 108 -1 -1 -1 -1 
425 6 554 196 69 79 -1 -1 -1 -1 
426 1 485 147 51 66 -1 -1 -1 -1 
426 3 463 285 82 107 -1 -1 -1 -1 
426 6 553 196 70 79 -1 -1 -1 -1 
427 1 485 147 51 66 -1 -1 -1 -1 
427 3 463 286 82 106 -1 -1 -1 -1 
427 6 554 197 69 78 -1 -1 -1 -1 
428 1 484 148 51 65 -1 -1 -1 -1 
428 3 463 286 83 106 -1 -1 -1 -1 
428 6 554 197 69 78 -1 -1 -1 -1 
429 1 484 147 51 66 -1 -1 -1 -1 
429 3 463 286 83 107 -1 -1 -1 -1 
429 6 554 197 69 78 -1 -1 -1 -1 
430 1 484 147 51 66 -1 -1 -1 -1 
430 3 462 286 83 104 -1 -1 -1 -1 
430 6 553 196 72 81 -1 -1 -1 -1 
431 1 484 147 51 66 -1 -1 -1 -1 
431 3 463 286 83 105 -1 -1 -1 -1 
431 6 553 196 72 79 -1 -1 -1 -1 
432 1 484 147 51 66 -1 -1 -1 -1 
432 3 463 286 83 106 -1 -1 -1 -1 
432 6 553 196 71 78 -1 -1 -1 -1 
433 1 484 147 52 66 -1 -1 -1 -1 
433 3 463 285 82 104 -1 -1 -1 -1 
433 6 553 196 72 79 -1 -1 -1 -1 
434 1 484 147 53 66 -1 -1 -1 -1 
434 3 463 284 82 105 -1 -1 -1 -1 
434 6 553 195 72 80 -1 -1 -1 -1 
435 1 484 147 53 66 -1 -1 -1 -1 
435 3 463 284 82 104 -1 -1 -1 -1 
435 6 554 197 70 79 -1 -1 -1 -1 
436 1 484 147 52 66 -1 -1 -1 -1 
436 3 463 283 82 105 -1 -1 -1 -1 
436 6 553 196 71 79 -1 -1 -1 -1 
437 1 484 147 52 66 -1 -1 -1 -1 
437 3 463 283 82 106 -1 -1 -1 -1 
437 6 554 196 70 79 -1 -1 -1 -1 
438 1 484 147 52 66 -1 -1 -1 -1 
438 3 463 282 82 107 -1 -1 -1 -1 
438 6 553 197 71 79 -1 -1 -1 -1 
439 1 484 147 53 66 -1 -1 -1 -1 
439 3 461 283 84 110 -1 -1 -1 -1 
439 6 554 197 68 78 -1 -1 -1 -1 
440 1 484 147 53 66 -1 -1 -1 -1 
440 3 462 284 83 108 -1 -1 -1 -1 
440 6 555 197 67 77 -1 -1 -1 -1 
441 1 484 147 52 66 -1 -1 -1 -1 
441 3 462 283 84 108 -1 -1 -1 -1 
441 6 555 198 67 76 -1 -1 -1 -1 
442 1 485 148 51 65 -1 -1 -1 -1 
442 3 462 283 84 108 -1 -1 -1 -1 
442 6 554 197 68 77 -1 -1 -1 -1 
443 1 485 148 51 65 -1 -1 -1 -1 
443 3 463 283 83 107 -1 -1 -1 -1 
443 6 555 198 67 76 -1 -1 -1 -1 
444 1 485 148 51 65 -1 -1 -1 -1 
444 3 462 284 85 107 -1 -1 -1 -1 
444 6 554 196 69 78 -1 -1 -1 -1 
445 1 485 148 51 65 -1 -1 -1 -1 
445 3 462 284 85 107 -1 -1 -1 -1 
445 6 555 197 68 76 -1 -1 -1 -1 
446 1 485 148 51 65 -1 -1 -1 -1 
446 3 462 284 85 108 -1 -1 -1 -1 
446 6 555 197 68 76 -1 -1 -1 -1 
447 1 485 148 49 65 -1 -1 -1 -1 
447 3 463 284 84 109 -1 -1 -1 -1 
447 6 555 197 69 75 -1 -1 -1 -1 
448 1 485 148 49 65 -1 -1 -1 -1 
448 3 463 284 84 110 -1 -1 -1 -1 
448 6 555 197 69 75 -1 -1 -1 -1 
449 1 485 147 50 66 -1 -1 -1 -1 
449 3 462 284 85 113 -1 -1 -1 -1 
449 6 555 197 70 76 -1 -1 -1 -1 
450 1 485 147 50 66 -1 -1 -1 -1 
450 3 463 284 83 109 -1 -1 -1 -1 
450 6 555 196 71 77 -1 -1 -1 -1 
451 1 485 145 52 68 -1 -1 -1 -1 
451 3 462 283 85 112 -1 -1 -1 -1 
451 6 556 192 69 82 -1 -1 -1 -1 
452 1 484 146 54 67 -1 -1 -1 -1 
452 3 461 281 85 110 -1 -1 -1 -1 
452 6 556 194 68 82 -1 -1 -1 -1 
453 1 484 146 52 66 -1 -1 -1 -1 
453 3 461 282 85 110 -1 -1 -1 -1 
453 6 554 192 69 83 -1 -1 -1 -1 
454 1 484 148 51 64 -1 -1 -1 -1 
454 3 461 281 85 115 -1 -1 -1 -1 
454 6 552 189 59 98 -1 -1 -1 -1 
455 1 484 147 52 65 -1 -1 -1 -1 
455 3 461 281 85 119 -1 -1 -1 -1 
455 6 552 191 64 94 -1 -1 -1 -1 
456 1 484 147 52 65 -1 -1 -1 -1 
456 3 460 282 86 118 -1 -1 -1 -1 
456 6 556 191 68 90 -1 -1 -1 -1 
457 1 485 147 50 65 -1 -1 -1 -1 
457 3 461 282 85 115 -1 -1 -1 -1 
457 6 556 190 68 81 -1 -1 -1 -1 
458 1 484 147 52 63 -1 -1 -1 -1 
458 3 461 284 87 111 -1 -1 -1 -1 
458 6 555 194 67 77 -1 -1 -1 -1 
459 1 483 148 53 62 -1 -1 -1 -1 
459 3 461 283 91 112 -1 -1 -1 -1 
459 6 555 197 67 73 -1 -1 -1 -1 
460 1 484 147 51 65 -1 -1 -1 -1 
460 3 461 283 94 113 -1 -1 -1 -1 
460 6 555 197 67 73 -1 -1 -1 -1 
