3 1 457 130 86 155 -1 -1 -1 -1 
3 2 561 236 78 159 -1 -1 -1 -1 
3 4 531 78 45 174 -1 -1 -1 -1 
4 1 452 136 91 237 -1 -1 -1 -1 
4 2 522 219 81 179 -1 -1 -1 -1 
4 4 529 77 55 143 -1 -1 -1 -1 
4 5 377 219 92 229 -1 -1 -1 -1 
5 1 442 181 119 222 -1 -1 -1 -1 
5 2 522 219 81 179 -1 -1 -1 -1 
5 4 529 76 51 139 -1 -1 -1 -1 
6 1 410 140 149 248 -1 -1 -1 -1 
6 4 530 75 45 82 -1 -1 -1 -1 
6 5 308 365 113 114 -1 -1 -1 -1 
7 1 410 140 149 248 -1 -1 -1 -1 
7 4 525 75 50 119 -1 -1 -1 -1 
8 4 529 76 46 83 -1 -1 -1 -1 
8 7 316 250 102 228 -1 -1 -1 -1 
9 4 530 78 48 84 -1 -1 -1 -1 
9 7 265 347 166 131 -1 -1 -1 -1 
10 4 530 79 49 80 -1 -1 -1 -1 
10 7 265 347 166 131 -1 -1 -1 -1 
10 8 466 152 111 249 -1 -1 -1 -1 
11 4 532 82 49 137 -1 -1 -1 -1 
11 8 455 135 89 242 -1 -1 -1 -1 
12 4 537 98 60 168 -1 -1 -1 -1 
12 8 434 130 111 248 -1 -1 -1 -1 
13 4 517 88 52 157 -1 -1 -1 -1 
13 8 437 127 98 253 -1 -1 -1 -1 
14 4 537 91 66 182 -1 -1 -1 -1 
14 8 440 127 83 248 -1 -1 -1 -1 
15 4 539 94 67 171 -1 -1 -1 -1 
15 8 439 128 88 253 -1 -1 -1 -1 
16 4 539 94 67 171 -1 -1 -1 -1 
16 8 446 143 99 246 -1 -1 -1 -1 
16 13 510 68 39 111 -1 -1 -1 -1 
17 8 446 143 99 246 -1 -1 -1 -1 
17 13 489 67 63 115 -1 -1 -1 -1 
18 13 512 78 54 106 -1 -1 -1 -1 
19 13 509 71 48 114 -1 -1 -1 -1 
19 15 537 107 95 145 -1 -1 -1 -1 
20 13 516 70 36 108 -1 -1 -1 -1 
20 15 574 110 62 89 -1 -1 -1 -1 
21 13 508 72 44 112 -1 -1 -1 -1 
21 15 564 108 75 119 -1 -1 -1 -1 
22 13 508 80 52 105 -1 -1 -1 -1 
22 15 563 116 76 121 -1 -1 -1 -1 
23 13 508 82 50 102 -1 -1 -1 -1 
23 15 569 126 70 109 -1 -1 -1 -1 
24 13 500 74 52 103 -1 -1 -1 -1 
24 15 554 119 85 128 -1 -1 -1 -1 
25 13 504 77 55 107 -1 -1 -1 -1 
25 15 558 120 81 120 -1 -1 -1 -1 
26 13 496 75 55 109 -1 -1 -1 -1 
26 15 556 124 83 119 -1 -1 -1 -1 
27 13 479 66 65 112 -1 -1 -1 -1 
28 13 478 66 57 106 -1 -1 -1 -1 
29 13 485 66 52 107 -1 -1 -1 -1 
30 13 502 69 50 115 -1 -1 -1 -1 
31 13 499 70 53 110 -1 -1 -1 -1 
32 13 498 69 52 113 -1 -1 -1 -1 
33 13 496 70 53 112 -1 -1 -1 -1 
33 18 542 133 93 135 -1 -1 -1 -1 
34 13 506 68 49 112 -1 -1 -1 -1 
34 18 542 133 93 135 -1 -1 -1 -1 
35 13 501 66 55 119 -1 -1 -1 -1 
36 13 514 75 40 82 -1 -1 -1 -1 
36 19 345 250 88 227 -1 -1 -1 -1 
37 13 514 75 40 82 -1 -1 -1 -1 
37 19 349 196 115 280 -1 -1 -1 -1 
38 19 369 196 112 277 -1 -1 -1 -1 
38 22 473 154 120 134 -1 -1 -1 -1 
39 19 423 205 100 181 -1 -1 -1 -1 
39 22 473 154 120 134 -1 -1 -1 -1 
40 19 467 154 124 247 -1 -1 -1 -1 
41 19 463 153 136 249 -1 -1 -1 -1 
42 19 463 155 148 247 -1 -1 -1 -1 
43 19 465 155 146 239 -1 -1 -1 -1 
43 26 282 213 130 266 -1 -1 -1 -1 
44 19 457 153 130 240 -1 -1 -1 -1 
44 26 337 183 121 293 -1 -1 -1 -1 
45 19 454 145 115 244 -1 -1 -1 -1 
45 26 366 141 91 324 -1 -1 -1 -1 
45 28 528 118 48 94 -1 -1 -1 -1 
46 19 459 139 103 258 -1 -1 -1 -1 
46 26 366 141 91 324 -1 -1 -1 -1 
46 28 546 136 30 81 -1 -1 -1 -1 
47 19 460 142 100 257 -1 -1 -1 -1 
47 28 548 166 34 60 -1 -1 -1 -1 
48 19 461 147 91 243 -1 -1 -1 -1 
48 28 548 166 34 60 -1 -1 -1 -1 
49 19 461 135 87 245 -1 -1 -1 -1 
50 19 461 135 87 245 -1 -1 -1 -1 
51 19 464 141 90 255 -1 -1 -1 -1 
51 35 193 82 80 272 -1 -1 -1 -1 
52 19 464 142 94 256 -1 -1 -1 -1 
52 35 193 82 80 272 -1 -1 -1 -1 
53 19 466 143 94 255 -1 -1 -1 -1 
53 36 517 124 46 77 -1 -1 -1 -1 
54 19 466 147 93 249 -1 -1 -1 -1 
54 36 512 124 50 76 -1 -1 -1 -1 
55 19 467 141 93 252 -1 -1 -1 -1 
55 36 531 123 33 65 -1 -1 -1 -1 
55 38 353 106 82 292 -1 -1 -1 -1 
56 19 462 142 97 259 -1 -1 -1 -1 
56 36 511 125 56 79 -1 -1 -1 -1 
56 38 340 132 99 289 -1 -1 -1 -1 
57 19 468 139 90 216 -1 -1 -1 -1 
57 36 537 129 35 77 -1 -1 -1 -1 
57 38 352 149 115 300 -1 -1 -1 -1 
58 19 467 140 90 221 -1 -1 -1 -1 
58 36 539 136 34 72 -1 -1 -1 -1 
58 38 338 139 100 310 -1 -1 -1 -1 
59 19 464 139 94 252 -1 -1 -1 -1 
59 36 544 145 32 81 -1 -1 -1 -1 
59 38 321 106 85 309 -1 -1 -1 -1 
60 19 464 140 94 256 -1 -1 -1 -1 
60 36 544 145 32 81 -1 -1 -1 -1 
61 19 467 144 90 252 -1 -1 -1 -1 
61 38 338 78 74 234 -1 -1 -1 -1 
62 19 469 144 88 249 -1 -1 -1 -1 
62 38 313 92 82 291 -1 -1 -1 -1 
63 19 472 143 85 148 -1 -1 -1 -1 
63 38 288 113 95 280 -1 -1 -1 -1 
63 40 536 125 30 85 -1 -1 -1 -1 
64 19 464 143 92 257 -1 -1 -1 -1 
64 38 288 111 96 283 -1 -1 -1 -1 
64 40 530 127 30 76 -1 -1 -1 -1 
65 19 459 154 87 226 -1 -1 -1 -1 
65 38 288 111 96 283 -1 -1 -1 -1 
65 40 530 127 30 76 -1 -1 -1 -1 
66 19 459 154 87 226 -1 -1 -1 -1 
67 19 455 156 88 237 -1 -1 -1 -1 
67 41 361 119 90 313 -1 -1 -1 -1 
67 42 500 121 41 78 -1 -1 -1 -1 
68 19 471 164 92 122 -1 -1 -1 -1 
68 41 358 107 86 322 -1 -1 -1 -1 
68 42 499 116 59 89 -1 -1 -1 -1 
69 19 471 168 103 116 -1 -1 -1 -1 
69 41 355 113 90 321 -1 -1 -1 -1 
69 42 506 120 63 73 -1 -1 -1 -1 
70 19 470 149 106 250 -1 -1 -1 -1 
70 41 359 148 97 283 -1 -1 -1 -1 
71 19 473 153 102 243 -1 -1 -1 -1 
71 41 359 150 94 282 -1 -1 -1 -1 
72 19 468 155 123 240 -1 -1 -1 -1 
72 41 359 146 98 287 -1 -1 -1 -1 
73 19 452 154 115 230 -1 -1 -1 -1 
73 41 357 122 94 311 -1 -1 -1 -1 
74 19 444 155 119 230 -1 -1 -1 -1 
74 41 347 97 100 302 -1 -1 -1 -1 
74 44 505 117 44 57 -1 -1 -1 -1 
75 19 441 153 125 234 -1 -1 -1 -1 
75 41 347 97 100 302 -1 -1 -1 -1 
75 44 498 117 47 61 -1 -1 -1 -1 
76 19 459 155 110 212 -1 -1 -1 -1 
76 44 498 118 44 59 -1 -1 -1 -1 
77 19 450 156 120 241 -1 -1 -1 -1 
77 44 497 118 46 58 -1 -1 -1 -1 
78 19 460 154 111 232 -1 -1 -1 -1 
78 44 503 120 41 56 -1 -1 -1 -1 
78 47 365 135 91 291 -1 -1 -1 -1 
79 19 455 154 118 240 -1 -1 -1 -1 
79 44 503 120 41 56 -1 -1 -1 -1 
79 47 367 120 101 304 -1 -1 -1 -1 
80 19 455 154 118 240 -1 -1 -1 -1 
80 47 348 105 96 273 -1 -1 -1 -1 
81 47 331 84 86 285 -1 -1 -1 -1 
81 48 505 121 63 102 -1 -1 -1 -1 
82 47 347 83 97 254 -1 -1 -1 -1 
82 48 509 128 55 93 -1 -1 -1 -1 
83 47 356 87 103 265 -1 -1 -1 -1 
83 48 524 123 46 93 -1 -1 -1 -1 
83 49 405 148 142 235 -1 -1 -1 -1 
84 47 343 114 90 321 -1 -1 -1 -1 
84 48 524 123 46 93 -1 -1 -1 -1 
85 47 339 172 105 305 -1 -1 -1 -1 
85 49 462 151 100 231 -1 -1 -1 -1 
86 47 328 195 113 281 -1 -1 -1 -1 
86 49 467 151 84 143 -1 -1 -1 -1 
87 47 344 175 110 301 -1 -1 -1 -1 
87 49 470 148 83 130 -1 -1 -1 -1 
88 47 340 175 114 302 -1 -1 -1 -1 
88 49 471 150 85 139 -1 -1 -1 -1 
89 47 342 173 109 303 -1 -1 -1 -1 
89 49 470 150 84 135 -1 -1 -1 -1 
90 47 342 172 107 304 -1 -1 -1 -1 
90 49 471 148 89 138 -1 -1 -1 -1 
91 47 338 172 110 305 -1 -1 -1 -1 
91 49 472 148 88 135 -1 -1 -1 -1 
92 47 319 172 129 304 -1 -1 -1 -1 
92 49 471 149 92 134 -1 -1 -1 -1 
92 53 541 137 40 75 -1 -1 -1 -1 
93 47 327 174 124 304 -1 -1 -1 -1 
94 47 328 174 123 303 -1 -1 -1 -1 
94 49 472 146 90 134 -1 -1 -1 -1 
95 47 329 174 121 303 -1 -1 -1 -1 
95 49 470 142 91 139 -1 -1 -1 -1 
96 47 331 174 120 303 -1 -1 -1 -1 
96 49 471 143 93 141 -1 -1 -1 -1 
97 47 331 174 119 303 -1 -1 -1 -1 
97 49 471 142 91 142 -1 -1 -1 -1 
98 47 330 174 120 304 -1 -1 -1 -1 
98 49 469 140 91 144 -1 -1 -1 -1 
99 47 331 174 117 303 -1 -1 -1 -1 
99 49 469 140 91 144 -1 -1 -1 -1 
100 47 330 173 118 304 -1 -1 -1 -1 
101 47 330 175 118 302 -1 -1 -1 -1 
102 47 330 174 120 303 -1 -1 -1 -1 
103 47 330 175 119 301 -1 -1 -1 -1 
104 47 330 175 119 301 -1 -1 -1 -1 
104 56 518 119 44 93 -1 -1 -1 -1 
105 47 331 175 117 301 -1 -1 -1 -1 
105 56 516 117 42 93 -1 -1 -1 -1 
106 47 331 175 116 302 -1 -1 -1 -1 
106 56 516 117 42 93 -1 -1 -1 -1 
107 47 330 174 117 303 -1 -1 -1 -1 
107 49 469 151 97 141 -1 -1 -1 -1 
108 19 458 150 105 216 -1 -1 -1 -1 
108 47 331 174 115 303 -1 -1 -1 -1 
108 49 469 151 97 141 -1 -1 -1 -1 
109 19 458 150 105 216 -1 -1 -1 -1 
109 47 326 171 122 307 -1 -1 -1 -1 
110 47 328 171 119 308 -1 -1 -1 -1 
111 47 327 170 120 308 -1 -1 -1 -1 
112 47 328 171 118 306 -1 -1 -1 -1 
113 47 328 171 118 306 -1 -1 -1 -1 
113 61 498 119 51 67 -1 -1 -1 -1 
114 47 327 170 119 308 -1 -1 -1 -1 
114 61 498 119 51 66 -1 -1 -1 -1 
115 47 345 173 142 303 -1 -1 -1 -1 
115 61 497 116 51 69 -1 -1 -1 -1 
116 47 341 173 164 302 -1 -1 -1 -1 
116 61 498 111 50 75 -1 -1 -1 -1 
117 47 348 176 166 300 -1 -1 -1 -1 
117 61 498 111 50 75 -1 -1 -1 -1 
118 47 352 148 154 321 -1 -1 -1 -1 
119 47 367 146 133 297 -1 -1 -1 -1 
120 47 366 140 117 302 -1 -1 -1 -1 
121 47 364 145 114 297 -1 -1 -1 -1 
121 64 467 152 93 222 -1 -1 -1 -1 
122 47 365 145 110 298 -1 -1 -1 -1 
122 64 471 149 101 236 -1 -1 -1 -1 
123 47 326 145 131 292 -1 -1 -1 -1 
123 64 472 159 115 122 -1 -1 -1 -1 
124 47 312 133 107 305 -1 -1 -1 -1 
124 61 498 116 49 68 -1 -1 -1 -1 
124 64 471 161 124 121 -1 -1 -1 -1 
125 47 283 118 104 283 -1 -1 -1 -1 
125 61 499 118 47 62 -1 -1 -1 -1 
125 64 469 159 129 151 -1 -1 -1 -1 
126 47 265 114 111 294 -1 -1 -1 -1 
126 61 498 117 47 64 -1 -1 -1 -1 
126 64 467 158 139 182 -1 -1 -1 -1 
127 47 269 126 129 284 -1 -1 -1 -1 
127 61 498 117 47 64 -1 -1 -1 -1 
127 64 468 162 117 119 -1 -1 -1 -1 
128 47 293 130 131 276 -1 -1 -1 -1 
128 64 468 162 118 120 -1 -1 -1 -1 
129 47 295 130 131 275 -1 -1 -1 -1 
129 61 499 119 46 62 -1 -1 -1 -1 
129 64 468 160 125 124 -1 -1 -1 -1 
130 47 295 130 132 272 -1 -1 -1 -1 
130 61 498 119 47 62 -1 -1 -1 -1 
130 64 469 160 113 123 -1 -1 -1 -1 
131 47 300 130 128 275 -1 -1 -1 -1 
131 61 498 119 48 61 -1 -1 -1 -1 
131 64 469 158 117 126 -1 -1 -1 -1 
132 47 294 130 130 277 -1 -1 -1 -1 
132 61 498 119 48 61 -1 -1 -1 -1 
132 64 471 173 126 111 -1 -1 -1 -1 
133 47 341 129 96 300 -1 -1 -1 -1 
133 64 471 174 105 112 -1 -1 -1 -1 
134 47 346 126 101 307 -1 -1 -1 -1 
134 64 470 148 119 228 -1 -1 -1 -1 
135 47 346 126 104 306 -1 -1 -1 -1 
135 64 469 154 117 129 -1 -1 -1 -1 
136 47 346 136 100 296 -1 -1 -1 -1 
136 64 468 154 119 129 -1 -1 -1 -1 
137 47 351 146 98 285 -1 -1 -1 -1 
137 64 471 164 114 119 -1 -1 -1 -1 
138 47 350 146 99 286 -1 -1 -1 -1 
138 64 471 163 108 120 -1 -1 -1 -1 
139 47 352 135 91 298 -1 -1 -1 -1 
139 64 469 162 109 120 -1 -1 -1 -1 
139 71 519 122 38 61 -1 -1 -1 -1 
140 47 348 109 87 322 -1 -1 -1 -1 
140 64 470 164 107 121 -1 -1 -1 -1 
140 71 519 120 34 61 -1 -1 -1 -1 
141 47 348 109 87 322 -1 -1 -1 -1 
141 64 470 162 108 121 -1 -1 -1 -1 
141 71 519 120 34 61 -1 -1 -1 -1 
142 64 471 160 107 122 -1 -1 -1 -1 
143 64 470 159 109 124 -1 -1 -1 -1 
144 64 471 159 106 123 -1 -1 -1 -1 
145 64 468 156 109 127 -1 -1 -1 -1 
146 64 468 145 109 138 -1 -1 -1 -1 
147 64 468 159 109 123 -1 -1 -1 -1 
147 77 20 92 87 227 -1 -1 -1 -1 
148 64 462 162 117 127 -1 -1 -1 -1 
148 77 0 107 61 231 -1 -1 -1 -1 
149 64 462 162 117 127 -1 -1 -1 -1 
150 77 0 148 30 331 -1 -1 -1 -1 
152 79 0 149 69 267 -1 -1 -1 -1 
153 61 498 118 50 66 -1 -1 -1 -1 
153 79 2 149 100 293 -1 -1 -1 -1 
154 61 499 118 48 64 -1 -1 -1 -1 
154 79 47 123 88 288 -1 -1 -1 -1 
154 80 377 146 98 236 -1 -1 -1 -1 
155 61 499 118 48 64 -1 -1 -1 -1 
155 79 47 123 88 288 -1 -1 -1 -1 
157 83 177 74 71 258 -1 -1 -1 -1 
157 84 248 105 155 333 -1 -1 -1 -1 
158 83 177 74 71 258 -1 -1 -1 -1 
158 84 293 121 148 330 -1 -1 -1 -1 
159 84 313 139 131 335 -1 -1 -1 -1 
160 84 332 146 114 331 -1 -1 -1 -1 
161 84 360 150 104 325 -1 -1 -1 -1 
162 84 363 129 99 348 -1 -1 -1 -1 
162 92 524 120 50 72 -1 -1 -1 -1 
163 84 362 125 117 351 -1 -1 -1 -1 
163 92 524 125 48 76 -1 -1 -1 -1 
164 84 363 161 133 315 -1 -1 -1 -1 
164 92 526 136 46 61 -1 -1 -1 -1 
165 84 362 148 118 327 -1 -1 -1 -1 
165 92 526 136 46 61 -1 -1 -1 -1 
166 84 363 149 116 326 -1 -1 -1 -1 
166 95 521 219 99 176 -1 -1 -1 -1 
167 84 362 150 118 325 -1 -1 -1 -1 
168 84 362 150 118 326 -1 -1 -1 -1 
169 84 362 150 118 326 -1 -1 -1 -1 
172 97 533 238 106 162 -1 -1 -1 -1 
173 97 550 236 89 158 -1 -1 -1 -1 
173 98 362 148 115 326 -1 -1 -1 -1 
174 97 550 236 89 158 -1 -1 -1 -1 
174 98 361 139 116 336 -1 -1 -1 -1 
175 98 363 134 113 342 -1 -1 -1 -1 
175 99 538 98 78 171 -1 -1 -1 -1 
176 98 363 135 114 340 -1 -1 -1 -1 
177 98 364 147 112 327 -1 -1 -1 -1 
178 98 363 150 119 323 -1 -1 -1 -1 
179 98 363 151 121 322 -1 -1 -1 -1 
180 98 363 152 123 322 -1 -1 -1 -1 
181 98 364 150 122 324 -1 -1 -1 -1 
182 98 363 150 118 324 -1 -1 -1 -1 
183 98 363 141 125 335 -1 -1 -1 -1 
184 98 363 142 140 332 -1 -1 -1 -1 
185 98 363 143 132 331 -1 -1 -1 -1 
186 98 363 148 132 326 -1 -1 -1 -1 
187 98 361 147 128 329 -1 -1 -1 -1 
187 105 566 102 69 127 -1 -1 -1 -1 
188 98 359 165 143 312 -1 -1 -1 -1 
188 105 542 104 72 161 -1 -1 -1 -1 
189 98 344 179 137 298 -1 -1 -1 -1 
189 105 536 101 76 168 -1 -1 -1 -1 
190 98 354 160 138 315 -1 -1 -1 -1 
190 105 531 90 58 171 -1 -1 -1 -1 
191 98 355 121 92 324 -1 -1 -1 -1 
191 105 526 83 55 168 -1 -1 -1 -1 
192 98 367 105 97 302 -1 -1 -1 -1 
192 105 525 84 57 172 -1 -1 -1 -1 
193 98 366 81 84 264 -1 -1 -1 -1 
193 105 524 86 55 111 -1 -1 -1 -1 
194 98 371 78 93 262 -1 -1 -1 -1 
194 105 524 87 56 109 -1 -1 -1 -1 
195 98 387 87 99 236 -1 -1 -1 -1 
195 105 527 88 57 172 -1 -1 -1 -1 
196 98 388 91 103 226 -1 -1 -1 -1 
196 105 530 90 59 173 -1 -1 -1 -1 
197 98 389 92 100 224 -1 -1 -1 -1 
197 105 528 91 58 171 -1 -1 -1 -1 
198 98 389 64 90 264 -1 -1 -1 -1 
198 105 527 89 53 162 -1 -1 -1 -1 
198 108 527 292 92 106 -1 -1 -1 -1 
199 98 383 79 71 261 -1 -1 -1 -1 
199 105 526 88 54 144 -1 -1 -1 -1 
200 98 346 81 98 263 -1 -1 -1 -1 
200 105 526 88 54 165 -1 -1 -1 -1 
201 98 338 78 83 305 -1 -1 -1 -1 
201 105 528 88 53 165 -1 -1 -1 -1 
202 98 345 96 95 303 -1 -1 -1 -1 
202 105 535 99 63 166 -1 -1 -1 -1 
203 98 323 115 118 345 -1 -1 -1 -1 
203 105 535 99 63 166 -1 -1 -1 -1 
204 98 344 128 121 323 -1 -1 -1 -1 
205 98 365 130 120 340 -1 -1 -1 -1 
206 98 363 138 113 334 -1 -1 -1 -1 
206 111 557 110 61 141 -1 -1 -1 -1 
207 98 364 156 95 318 -1 -1 -1 -1 
207 111 555 106 75 151 -1 -1 -1 -1 
208 98 364 126 114 344 -1 -1 -1 -1 
208 111 536 104 83 159 -1 -1 -1 -1 
209 98 363 108 109 364 -1 -1 -1 -1 
209 111 533 86 56 177 -1 -1 -1 -1 
210 98 364 104 98 368 -1 -1 -1 -1 
210 111 530 82 43 177 -1 -1 -1 -1 
211 98 364 146 92 326 -1 -1 -1 -1 
211 111 520 80 58 177 -1 -1 -1 -1 
212 98 364 154 89 318 -1 -1 -1 -1 
212 111 533 81 53 175 -1 -1 -1 -1 
213 98 364 152 91 320 -1 -1 -1 -1 
213 111 535 93 65 173 -1 -1 -1 -1 
214 98 364 147 89 326 -1 -1 -1 -1 
214 111 544 104 77 161 -1 -1 -1 -1 
215 98 363 144 100 327 -1 -1 -1 -1 
215 111 540 106 67 139 -1 -1 -1 -1 
216 98 363 130 107 341 -1 -1 -1 -1 
216 111 534 100 59 167 -1 -1 -1 -1 
217 98 363 136 93 334 -1 -1 -1 -1 
217 111 541 105 58 131 -1 -1 -1 -1 
218 98 363 134 107 335 -1 -1 -1 -1 
218 111 535 104 67 158 -1 -1 -1 -1 
219 98 363 137 107 332 -1 -1 -1 -1 
219 111 533 105 71 160 -1 -1 -1 -1 
220 98 362 120 105 350 -1 -1 -1 -1 
220 111 534 104 69 159 -1 -1 -1 -1 
221 98 361 95 108 375 -1 -1 -1 -1 
221 111 534 105 69 159 -1 -1 -1 -1 
222 98 363 114 99 357 -1 -1 -1 -1 
222 111 535 105 69 159 -1 -1 -1 -1 
223 98 362 135 92 334 -1 -1 -1 -1 
223 111 535 107 66 159 -1 -1 -1 -1 
224 98 361 138 93 332 -1 -1 -1 -1 
224 111 535 108 65 151 -1 -1 -1 -1 
225 98 361 138 87 333 -1 -1 -1 -1 
225 111 521 95 72 152 -1 -1 -1 -1 
226 98 362 142 155 329 -1 -1 -1 -1 
226 111 521 95 72 152 -1 -1 -1 -1 
227 98 362 137 117 333 -1 -1 -1 -1 
228 98 407 134 84 256 -1 -1 -1 -1 
228 117 503 92 68 95 -1 -1 -1 -1 
229 98 407 134 84 256 -1 -1 -1 -1 
229 117 516 89 55 97 -1 -1 -1 -1 
230 117 510 89 56 96 -1 -1 -1 -1 
231 117 499 83 57 100 -1 -1 -1 -1 
232 117 492 78 58 97 -1 -1 -1 -1 
232 120 439 143 108 232 -1 -1 -1 -1 
233 117 488 75 61 105 -1 -1 -1 -1 
234 117 488 75 61 105 -1 -1 -1 -1 
235 117 488 76 63 108 -1 -1 -1 -1 
236 117 495 93 71 81 -1 -1 -1 -1 
237 117 497 100 75 83 -1 -1 -1 -1 
247 123 512 128 68 87 -1 -1 -1 -1 
248 123 519 132 61 86 -1 -1 -1 -1 
249 123 518 132 62 86 -1 -1 -1 -1 
250 123 518 131 63 86 -1 -1 -1 -1 
251 123 516 133 64 83 -1 -1 -1 -1 
252 123 516 133 64 84 -1 -1 -1 -1 
253 123 516 132 64 85 -1 -1 -1 -1 
254 123 520 132 61 87 -1 -1 -1 -1 
255 123 520 132 60 88 -1 -1 -1 -1 
256 123 520 132 60 87 -1 -1 -1 -1 
257 123 519 132 62 87 -1 -1 -1 -1 
258 123 520 133 61 87 -1 -1 -1 -1 
259 123 519 136 62 84 -1 -1 -1 -1 
260 123 519 135 61 83 -1 -1 -1 -1 
261 123 519 134 62 84 -1 -1 -1 -1 
262 123 519 133 61 87 -1 -1 -1 -1 
263 123 510 134 70 84 -1 -1 -1 -1 
264 123 519 133 61 85 -1 -1 -1 -1 
265 123 519 135 62 84 -1 -1 -1 -1 
271 123 521 132 59 80 -1 -1 -1 -1 
272 123 514 130 66 80 -1 -1 -1 -1 
