23 11 467 167 118 229 -1 -1 -1 -1 
24 11 450 160 127 230 -1 -1 -1 -1 
24 12 565 168 56 90 -1 -1 -1 -1 
25 11 465 166 121 199 -1 -1 -1 -1 
25 12 568 168 50 82 -1 -1 -1 -1 
26 11 469 166 120 220 -1 -1 -1 -1 
26 12 568 168 49 80 -1 -1 -1 -1 
27 11 470 165 109 237 -1 -1 -1 -1 
27 12 566 168 56 168 -1 -1 -1 -1 
28 11 478 161 97 239 -1 -1 -1 -1 
28 12 567 168 51 86 -1 -1 -1 -1 
29 11 478 161 97 185 -1 -1 -1 -1 
29 12 567 169 51 84 -1 -1 -1 -1 
30 11 481 163 94 139 -1 -1 -1 -1 
30 12 567 169 49 86 -1 -1 -1 -1 
31 11 474 160 92 147 -1 -1 -1 -1 
31 12 565 171 51 84 -1 -1 -1 -1 
32 11 474 160 92 147 -1 -1 -1 -1 
33 12 567 169 46 76 -1 -1 -1 -1 
34 12 566 167 50 112 -1 -1 -1 -1 
35 12 566 168 50 89 -1 -1 -1 -1 
35 13 472 172 106 132 -1 -1 -1 -1 
36 12 567 171 56 86 -1 -1 -1 -1 
36 13 466 168 110 222 -1 -1 -1 -1 
37 11 472 165 102 178 -1 -1 -1 -1 
38 11 461 167 115 166 -1 -1 -1 -1 
39 11 471 171 101 224 -1 -1 -1 -1 
40 11 468 171 109 164 -1 -1 -1 -1 
41 11 467 168 112 217 -1 -1 -1 -1 
42 11 466 174 115 218 -1 -1 -1 -1 
43 11 470 160 95 135 -1 -1 -1 -1 
51 15 470 146 88 136 -1 -1 -1 -1 
51 16 561 169 48 70 -1 -1 -1 -1 
52 11 474 159 92 121 -1 -1 -1 -1 
52 15 470 146 88 136 -1 -1 -1 -1 
53 11 474 155 95 128 -1 -1 -1 -1 
53 16 565 156 52 95 -1 -1 -1 -1 
54 11 474 159 95 124 -1 -1 -1 -1 
54 16 564 158 64 96 -1 -1 -1 -1 
55 11 472 164 97 122 -1 -1 -1 -1 
55 16 564 162 69 79 -1 -1 -1 -1 
60 18 532 290 106 106 -1 -1 -1 -1 
61 18 532 290 106 106 -1 -1 -1 -1 
63 11 472 155 93 135 -1 -1 -1 -1 
64 11 473 153 92 134 -1 -1 -1 -1 
65 11 474 149 91 135 -1 -1 -1 -1 
66 11 474 149 91 135 -1 -1 -1 -1 
68 11 472 140 89 139 -1 -1 -1 -1 
69 11 464 143 91 232 -1 -1 -1 -1 
70 11 459 145 96 250 -1 -1 -1 -1 
71 11 460 143 96 241 -1 -1 -1 -1 
71 22 574 186 62 72 -1 -1 -1 -1 
72 11 461 144 97 246 -1 -1 -1 -1 
73 11 462 145 95 238 -1 -1 -1 -1 
74 11 461 144 97 244 -1 -1 -1 -1 
75 11 462 146 92 232 -1 -1 -1 -1 
76 11 462 146 92 232 -1 -1 -1 -1 
77 23 579 191 59 61 -1 -1 -1 -1 
78 23 581 190 57 56 -1 -1 -1 -1 
82 11 465 148 90 244 -1 -1 -1 -1 
83 11 464 147 90 245 -1 -1 -1 -1 
95 28 518 296 46 101 -1 -1 -1 -1 
96 28 518 296 46 101 -1 -1 -1 -1 
97 11 468 147 95 244 -1 -1 -1 -1 
97 29 471 148 86 136 -1 -1 -1 -1 
98 11 467 146 93 231 -1 -1 -1 -1 
98 28 522 295 42 103 -1 -1 -1 -1 
99 11 467 146 93 231 -1 -1 -1 -1 
100 28 516 295 48 102 -1 -1 -1 -1 
100 29 471 147 87 142 -1 -1 -1 -1 
101 28 514 296 49 101 -1 -1 -1 -1 
101 29 471 149 88 134 -1 -1 -1 -1 
102 28 515 296 49 101 -1 -1 -1 -1 
102 29 470 151 90 134 -1 -1 -1 -1 
103 28 516 296 48 101 -1 -1 -1 -1 
103 29 468 153 93 223 -1 -1 -1 -1 
104 28 516 296 48 101 -1 -1 -1 -1 
105 28 516 296 48 101 -1 -1 -1 -1 
106 29 460 152 100 239 -1 -1 -1 -1 
107 29 460 152 100 239 -1 -1 -1 -1 
108 28 522 298 41 99 -1 -1 -1 -1 
108 33 575 194 62 72 -1 -1 -1 -1 
109 28 517 296 47 101 -1 -1 -1 -1 
110 28 514 297 50 101 -1 -1 -1 -1 
110 29 468 151 91 223 -1 -1 -1 -1 
111 28 514 297 50 101 -1 -1 -1 -1 
115 28 514 296 50 101 -1 -1 -1 -1 
116 28 514 296 50 101 -1 -1 -1 -1 
118 28 517 296 47 102 -1 -1 -1 -1 
118 36 580 187 59 72 -1 -1 -1 -1 
119 28 517 296 47 102 -1 -1 -1 -1 
120 28 517 297 47 101 -1 -1 -1 -1 
120 29 471 150 88 129 -1 -1 -1 -1 
121 28 516 297 47 101 -1 -1 -1 -1 
121 29 470 151 90 128 -1 -1 -1 -1 
123 29 470 149 88 134 -1 -1 -1 -1 
125 29 471 152 88 130 -1 -1 -1 -1 
126 29 471 151 88 130 -1 -1 -1 -1 
127 28 515 297 48 101 -1 -1 -1 -1 
127 29 470 150 88 131 -1 -1 -1 -1 
127 39 571 173 39 57 -1 -1 -1 -1 
128 28 515 297 48 101 -1 -1 -1 -1 
129 28 513 298 49 100 -1 -1 -1 -1 
130 28 512 299 50 98 -1 -1 -1 -1 
131 28 512 299 50 98 -1 -1 -1 -1 
132 28 520 295 43 102 -1 -1 -1 -1 
133 28 520 295 43 102 -1 -1 -1 -1 
134 41 460 151 103 245 -1 -1 -1 -1 
135 41 466 150 96 247 -1 -1 -1 -1 
136 41 464 151 97 248 -1 -1 -1 -1 
137 41 459 150 101 251 -1 -1 -1 -1 
138 41 464 157 102 238 -1 -1 -1 -1 
139 41 458 154 101 241 -1 -1 -1 -1 
140 41 449 158 111 239 -1 -1 -1 -1 
141 41 467 159 97 241 -1 -1 -1 -1 
142 41 469 162 94 232 -1 -1 -1 -1 
143 41 461 157 95 233 -1 -1 -1 -1 
144 41 466 157 93 238 -1 -1 -1 -1 
145 41 457 154 103 243 -1 -1 -1 -1 
146 41 463 162 99 231 -1 -1 -1 -1 
147 41 444 159 118 237 -1 -1 -1 -1 
148 41 460 163 108 233 -1 -1 -1 -1 
149 41 450 160 112 201 -1 -1 -1 -1 
150 41 458 162 103 233 -1 -1 -1 -1 
151 41 454 162 110 234 -1 -1 -1 -1 
152 41 451 155 104 237 -1 -1 -1 -1 
153 41 435 152 119 240 -1 -1 -1 -1 
154 41 457 154 99 240 -1 -1 -1 -1 
154 48 546 187 93 209 -1 -1 -1 -1 
155 41 455 161 110 235 -1 -1 -1 -1 
155 48 546 187 93 209 -1 -1 -1 -1 
156 41 459 158 102 236 -1 -1 -1 -1 
156 50 581 174 47 65 -1 -1 -1 -1 
157 41 462 162 106 233 -1 -1 -1 -1 
157 50 582 177 50 62 -1 -1 -1 -1 
158 41 452 159 118 232 -1 -1 -1 -1 
159 41 450 153 120 237 -1 -1 -1 -1 
160 41 442 152 113 242 -1 -1 -1 -1 
161 41 446 152 105 235 -1 -1 -1 -1 
162 41 443 154 114 143 -1 -1 -1 -1 
163 41 460 162 103 229 -1 -1 -1 -1 
163 51 560 165 67 86 -1 -1 -1 -1 
164 41 451 152 105 137 -1 -1 -1 -1 
164 51 558 166 68 76 -1 -1 -1 -1 
165 41 429 151 117 237 -1 -1 -1 -1 
165 51 556 169 52 76 -1 -1 -1 -1 
166 41 445 154 117 238 -1 -1 -1 -1 
166 51 558 169 47 80 -1 -1 -1 -1 
167 41 454 170 116 233 -1 -1 -1 -1 
167 51 557 168 54 105 -1 -1 -1 -1 
168 41 449 162 112 233 -1 -1 -1 -1 
168 51 557 168 77 90 -1 -1 -1 -1 
168 53 576 149 21 45 -1 -1 -1 -1 
169 41 446 152 104 240 -1 -1 -1 -1 
169 51 567 176 47 64 -1 -1 -1 -1 
170 41 449 154 110 241 -1 -1 -1 -1 
170 51 571 177 46 58 -1 -1 -1 -1 
171 41 446 157 114 235 -1 -1 -1 -1 
171 48 539 196 100 199 -1 -1 -1 -1 
171 51 559 168 70 105 -1 -1 -1 -1 
172 41 456 158 106 240 -1 -1 -1 -1 
172 48 562 206 77 179 -1 -1 -1 -1 
172 51 562 166 63 94 -1 -1 -1 -1 
173 41 461 158 98 133 -1 -1 -1 -1 
173 48 564 201 75 180 -1 -1 -1 -1 
173 51 563 169 62 101 -1 -1 -1 -1 
174 41 459 160 99 107 -1 -1 -1 -1 
174 48 564 201 75 180 -1 -1 -1 -1 
175 41 462 160 96 107 -1 -1 -1 -1 
175 51 566 173 69 87 -1 -1 -1 -1 
176 41 459 157 99 223 -1 -1 -1 -1 
177 41 460 160 99 234 -1 -1 -1 -1 
178 41 455 162 104 226 -1 -1 -1 -1 
179 41 464 155 99 239 -1 -1 -1 -1 
181 41 456 148 103 250 -1 -1 -1 -1 
182 41 452 149 103 246 -1 -1 -1 -1 
183 41 453 149 102 244 -1 -1 -1 -1 
184 41 457 150 102 241 -1 -1 -1 -1 
184 58 542 291 97 104 -1 -1 -1 -1 
185 41 457 150 102 241 -1 -1 -1 -1 
186 59 518 299 45 99 -1 -1 -1 -1 
187 59 518 296 44 103 -1 -1 -1 -1 
188 59 518 296 44 102 -1 -1 -1 -1 
189 59 518 296 44 102 -1 -1 -1 -1 
190 59 517 295 47 103 -1 -1 -1 -1 
191 59 517 294 48 104 -1 -1 -1 -1 
192 59 518 294 47 104 -1 -1 -1 -1 
193 59 518 294 47 104 -1 -1 -1 -1 
195 41 459 148 98 244 -1 -1 -1 -1 
196 41 448 148 107 243 -1 -1 -1 -1 
197 41 444 145 109 246 -1 -1 -1 -1 
198 41 448 146 105 247 -1 -1 -1 -1 
198 66 560 183 55 73 -1 -1 -1 -1 
199 41 448 147 106 244 -1 -1 -1 -1 
199 66 577 187 36 50 -1 -1 -1 -1 
200 41 454 147 94 241 -1 -1 -1 -1 
200 66 581 188 31 50 -1 -1 -1 -1 
201 41 464 157 109 240 -1 -1 -1 -1 
201 66 584 194 29 43 -1 -1 -1 -1 
204 41 445 149 105 251 -1 -1 -1 -1 
204 59 519 294 43 104 -1 -1 -1 -1 
205 41 459 150 99 245 -1 -1 -1 -1 
206 41 462 155 99 115 -1 -1 -1 -1 
207 41 469 160 94 104 -1 -1 -1 -1 
208 41 470 162 90 123 -1 -1 -1 -1 
208 69 554 173 61 88 -1 -1 -1 -1 
209 41 466 165 96 207 -1 -1 -1 -1 
209 69 554 174 61 89 -1 -1 -1 -1 
210 41 467 158 102 232 -1 -1 -1 -1 
210 69 565 173 49 90 -1 -1 -1 -1 
211 41 467 158 102 232 -1 -1 -1 -1 
212 69 570 175 58 101 -1 -1 -1 -1 
213 69 569 173 58 92 -1 -1 -1 -1 
214 41 462 168 106 222 -1 -1 -1 -1 
214 69 567 166 51 83 -1 -1 -1 -1 
215 41 473 171 100 195 -1 -1 -1 -1 
215 69 563 165 57 77 -1 -1 -1 -1 
216 41 465 165 102 230 -1 -1 -1 -1 
216 69 563 166 46 89 -1 -1 -1 -1 
217 41 456 164 117 231 -1 -1 -1 -1 
217 69 564 168 49 93 -1 -1 -1 -1 
218 41 460 162 106 228 -1 -1 -1 -1 
218 69 563 169 71 91 -1 -1 -1 -1 
219 41 454 163 113 234 -1 -1 -1 -1 
219 69 563 168 64 91 -1 -1 -1 -1 
220 41 460 167 107 223 -1 -1 -1 -1 
220 69 563 169 58 83 -1 -1 -1 -1 
221 41 463 162 103 231 -1 -1 -1 -1 
221 69 562 168 68 91 -1 -1 -1 -1 
222 41 476 165 93 113 -1 -1 -1 -1 
222 69 570 175 64 78 -1 -1 -1 -1 
223 41 463 160 103 244 -1 -1 -1 -1 
223 69 584 194 55 75 -1 -1 -1 -1 
224 41 471 161 96 235 -1 -1 -1 -1 
224 69 568 174 68 86 -1 -1 -1 -1 
225 41 472 161 91 134 -1 -1 -1 -1 
225 69 562 169 62 86 -1 -1 -1 -1 
226 41 472 164 95 164 -1 -1 -1 -1 
226 69 566 166 70 86 -1 -1 -1 -1 
227 41 472 164 95 139 -1 -1 -1 -1 
227 69 569 171 65 76 -1 -1 -1 -1 
228 41 473 163 98 227 -1 -1 -1 -1 
228 69 565 184 46 69 -1 -1 -1 -1 
229 41 460 163 108 241 -1 -1 -1 -1 
229 69 580 199 37 62 -1 -1 -1 -1 
230 41 471 164 96 237 -1 -1 -1 -1 
231 41 468 163 100 234 -1 -1 -1 -1 
232 41 471 169 97 152 -1 -1 -1 -1 
233 41 473 173 96 131 -1 -1 -1 -1 
234 41 473 173 96 137 -1 -1 -1 -1 
235 41 471 172 97 227 -1 -1 -1 -1 
236 41 472 172 96 223 -1 -1 -1 -1 
237 41 454 166 110 233 -1 -1 -1 -1 
238 41 455 156 93 236 -1 -1 -1 -1 
240 41 450 155 98 235 -1 -1 -1 -1 
241 41 470 164 88 129 -1 -1 -1 -1 
242 41 469 154 88 140 -1 -1 -1 -1 
242 74 565 287 71 95 -1 -1 -1 -1 
243 41 460 152 97 245 -1 -1 -1 -1 
244 41 464 156 99 231 -1 -1 -1 -1 
245 41 465 164 103 234 -1 -1 -1 -1 
246 41 460 165 109 228 -1 -1 -1 -1 
247 41 463 167 106 228 -1 -1 -1 -1 
248 41 461 170 112 227 -1 -1 -1 -1 
249 41 468 172 110 224 -1 -1 -1 -1 
250 41 453 157 98 233 -1 -1 -1 -1 
251 41 454 143 83 134 -1 -1 -1 -1 
252 41 443 140 100 250 -1 -1 -1 -1 
253 41 443 139 94 253 -1 -1 -1 -1 
254 41 436 139 102 252 -1 -1 -1 -1 
255 41 451 143 88 128 -1 -1 -1 -1 
