3 1 561 204 59 92 -1 -1 -1 -1 
3 2 506 157 42 66 -1 -1 -1 -1 
3 3 426 264 169 118 -1 -1 -1 -1 
4 1 561 203 59 99 -1 -1 -1 -1 
4 2 506 158 42 75 -1 -1 -1 -1 
4 3 426 263 168 118 -1 -1 -1 -1 
5 1 561 204 60 97 -1 -1 -1 -1 
5 2 506 156 41 68 -1 -1 -1 -1 
5 3 427 263 165 118 -1 -1 -1 -1 
6 1 562 204 58 92 -1 -1 -1 -1 
6 2 506 157 41 66 -1 -1 -1 -1 
7 1 562 205 58 93 -1 -1 -1 -1 
7 2 506 156 42 69 -1 -1 -1 -1 
7 3 426 264 165 118 -1 -1 -1 -1 
8 1 562 205 58 90 -1 -1 -1 -1 
8 2 506 157 41 65 -1 -1 -1 -1 
8 3 426 265 164 117 -1 -1 -1 -1 
9 1 562 203 59 90 -1 -1 -1 -1 
9 2 506 157 42 65 -1 -1 -1 -1 
9 3 426 265 164 117 -1 -1 -1 -1 
10 1 561 200 58 97 -1 -1 -1 -1 
10 2 506 157 42 70 -1 -1 -1 -1 
10 3 425 266 162 120 -1 -1 -1 -1 
11 1 561 200 57 92 -1 -1 -1 -1 
11 2 506 156 42 70 -1 -1 -1 -1 
11 3 425 265 162 122 -1 -1 -1 -1 
12 1 561 200 58 91 -1 -1 -1 -1 
12 2 506 156 42 63 -1 -1 -1 -1 
12 3 425 265 161 125 -1 -1 -1 -1 
13 1 561 199 58 93 -1 -1 -1 -1 
13 2 506 156 42 61 -1 -1 -1 -1 
13 3 425 267 161 123 -1 -1 -1 -1 
14 1 562 200 57 85 -1 -1 -1 -1 
14 2 506 157 42 61 -1 -1 -1 -1 
14 3 426 267 159 117 -1 -1 -1 -1 
15 1 562 200 57 86 -1 -1 -1 -1 
15 2 506 157 42 62 -1 -1 -1 -1 
15 3 427 266 157 115 -1 -1 -1 -1 
16 1 561 199 57 88 -1 -1 -1 -1 
16 2 506 156 41 61 -1 -1 -1 -1 
16 3 427 265 158 115 -1 -1 -1 -1 
17 1 561 199 58 91 -1 -1 -1 -1 
17 2 506 155 42 65 -1 -1 -1 -1 
17 3 426 265 161 115 -1 -1 -1 -1 
18 1 561 199 57 89 -1 -1 -1 -1 
18 2 506 155 42 65 -1 -1 -1 -1 
19 1 561 199 58 89 -1 -1 -1 -1 
19 2 506 154 41 65 -1 -1 -1 -1 
19 3 426 265 159 115 -1 -1 -1 -1 
20 1 561 199 57 92 -1 -1 -1 -1 
20 2 506 155 41 63 -1 -1 -1 -1 
20 3 426 263 159 117 -1 -1 -1 -1 
21 1 561 199 57 87 -1 -1 -1 -1 
21 2 506 157 41 66 -1 -1 -1 -1 
21 3 426 261 159 119 -1 -1 -1 -1 
22 1 561 199 57 88 -1 -1 -1 -1 
22 2 506 155 42 68 -1 -1 -1 -1 
22 3 427 263 158 117 -1 -1 -1 -1 
23 1 561 199 58 88 -1 -1 -1 -1 
23 2 506 154 42 66 -1 -1 -1 -1 
23 3 426 263 159 117 -1 -1 -1 -1 
24 1 562 201 56 76 -1 -1 -1 -1 
24 2 505 153 43 66 -1 -1 -1 -1 
24 3 426 263 159 118 -1 -1 -1 -1 
25 1 562 204 56 72 -1 -1 -1 -1 
25 2 502 152 45 65 -1 -1 -1 -1 
25 3 426 263 160 118 -1 -1 -1 -1 
26 1 562 204 56 71 -1 -1 -1 -1 
26 2 501 154 45 62 -1 -1 -1 -1 
26 3 425 260 157 121 -1 -1 -1 -1 
27 1 562 203 56 70 -1 -1 -1 -1 
27 2 501 154 45 62 -1 -1 -1 -1 
28 1 562 203 56 72 -1 -1 -1 -1 
28 3 433 265 121 142 -1 -1 -1 -1 
29 1 562 203 55 74 -1 -1 -1 -1 
29 3 430 258 124 144 -1 -1 -1 -1 
30 1 562 203 55 75 -1 -1 -1 -1 
30 3 429 258 129 128 -1 -1 -1 -1 
31 1 562 203 55 76 -1 -1 -1 -1 
31 3 427 257 132 132 -1 -1 -1 -1 
32 1 561 202 58 79 -1 -1 -1 -1 
32 3 425 265 133 136 -1 -1 -1 -1 
33 1 561 205 58 72 -1 -1 -1 -1 
33 3 427 266 135 142 -1 -1 -1 -1 
34 1 561 206 58 71 -1 -1 -1 -1 
34 3 427 268 135 136 -1 -1 -1 -1 
35 1 561 206 58 70 -1 -1 -1 -1 
35 3 429 268 133 138 -1 -1 -1 -1 
36 1 561 206 57 70 -1 -1 -1 -1 
36 3 428 268 133 135 -1 -1 -1 -1 
37 1 561 203 57 74 -1 -1 -1 -1 
37 3 427 268 133 130 -1 -1 -1 -1 
38 1 561 201 61 76 -1 -1 -1 -1 
38 3 426 268 134 128 -1 -1 -1 -1 
39 1 561 203 66 76 -1 -1 -1 -1 
39 3 426 269 133 127 -1 -1 -1 -1 
40 1 561 204 69 75 -1 -1 -1 -1 
40 3 426 268 133 128 -1 -1 -1 -1 
41 1 561 206 72 74 -1 -1 -1 -1 
41 3 427 267 132 131 -1 -1 -1 -1 
42 1 562 203 66 70 -1 -1 -1 -1 
42 3 427 266 132 136 -1 -1 -1 -1 
43 1 556 202 70 73 -1 -1 -1 -1 
43 3 432 265 129 140 -1 -1 -1 -1 
44 1 555 202 75 72 -1 -1 -1 -1 
44 3 431 265 130 145 -1 -1 -1 -1 
45 1 557 201 74 75 -1 -1 -1 -1 
45 3 430 267 130 143 -1 -1 -1 -1 
46 1 557 200 74 76 -1 -1 -1 -1 
46 3 427 266 133 146 -1 -1 -1 -1 
47 1 557 200 73 76 -1 -1 -1 -1 
47 3 428 269 133 133 -1 -1 -1 -1 
48 1 556 201 73 75 -1 -1 -1 -1 
48 3 428 269 133 133 -1 -1 -1 -1 
49 1 556 200 72 78 -1 -1 -1 -1 
49 3 427 267 135 136 -1 -1 -1 -1 
50 1 556 200 72 78 -1 -1 -1 -1 
50 3 428 266 135 144 -1 -1 -1 -1 
51 1 556 199 71 78 -1 -1 -1 -1 
51 3 428 268 134 137 -1 -1 -1 -1 
52 1 556 199 70 77 -1 -1 -1 -1 
52 3 429 266 133 146 -1 -1 -1 -1 
53 1 556 200 69 76 -1 -1 -1 -1 
53 3 428 268 135 144 -1 -1 -1 -1 
54 1 555 200 70 76 -1 -1 -1 -1 
54 3 427 270 135 136 -1 -1 -1 -1 
55 1 556 199 69 77 -1 -1 -1 -1 
55 3 428 269 134 134 -1 -1 -1 -1 
56 1 555 200 70 77 -1 -1 -1 -1 
56 3 427 270 135 125 -1 -1 -1 -1 
56 8 506 159 42 59 -1 -1 -1 -1 
57 1 555 200 69 76 -1 -1 -1 -1 
57 3 426 267 135 118 -1 -1 -1 -1 
57 8 506 155 42 63 -1 -1 -1 -1 
58 1 556 200 68 76 -1 -1 -1 -1 
58 3 426 268 134 117 -1 -1 -1 -1 
58 8 505 155 42 63 -1 -1 -1 -1 
59 1 556 201 68 74 -1 -1 -1 -1 
59 3 427 267 134 136 -1 -1 -1 -1 
59 8 506 158 43 57 -1 -1 -1 -1 
60 1 556 201 69 74 -1 -1 -1 -1 
60 3 434 268 127 142 -1 -1 -1 -1 
60 8 507 153 45 66 -1 -1 -1 -1 
61 1 556 200 69 75 -1 -1 -1 -1 
61 3 432 267 130 145 -1 -1 -1 -1 
61 8 507 154 48 81 -1 -1 -1 -1 
62 1 557 200 66 73 -1 -1 -1 -1 
62 3 434 267 127 141 -1 -1 -1 -1 
62 8 507 155 50 83 -1 -1 -1 -1 
63 1 559 197 64 77 -1 -1 -1 -1 
63 3 431 267 130 142 -1 -1 -1 -1 
63 8 507 154 50 89 -1 -1 -1 -1 
64 1 559 197 62 76 -1 -1 -1 -1 
64 3 432 269 130 141 -1 -1 -1 -1 
64 8 506 154 51 93 -1 -1 -1 -1 
65 1 561 197 61 77 -1 -1 -1 -1 
65 3 432 271 131 140 -1 -1 -1 -1 
65 8 507 154 49 93 -1 -1 -1 -1 
66 1 561 198 62 73 -1 -1 -1 -1 
66 3 436 270 126 142 -1 -1 -1 -1 
66 8 507 154 48 92 -1 -1 -1 -1 
67 1 561 199 62 74 -1 -1 -1 -1 
67 3 434 270 129 145 -1 -1 -1 -1 
67 8 507 156 46 89 -1 -1 -1 -1 
68 1 561 200 62 74 -1 -1 -1 -1 
68 3 432 268 131 146 -1 -1 -1 -1 
68 8 507 156 46 88 -1 -1 -1 -1 
69 1 562 199 61 71 -1 -1 -1 -1 
69 3 429 271 135 136 -1 -1 -1 -1 
69 8 507 156 46 89 -1 -1 -1 -1 
70 1 562 199 62 72 -1 -1 -1 -1 
70 3 430 271 134 132 -1 -1 -1 -1 
70 8 507 156 46 85 -1 -1 -1 -1 
71 1 562 199 62 71 -1 -1 -1 -1 
71 3 430 271 135 132 -1 -1 -1 -1 
71 8 507 155 45 85 -1 -1 -1 -1 
72 1 561 199 63 72 -1 -1 -1 -1 
72 3 432 272 134 127 -1 -1 -1 -1 
72 8 507 156 45 83 -1 -1 -1 -1 
73 1 561 199 64 72 -1 -1 -1 -1 
73 3 430 272 135 131 -1 -1 -1 -1 
73 8 507 156 44 83 -1 -1 -1 -1 
74 1 562 197 61 73 -1 -1 -1 -1 
74 3 430 271 136 135 -1 -1 -1 -1 
74 8 507 156 44 80 -1 -1 -1 -1 
75 1 562 198 63 72 -1 -1 -1 -1 
75 3 429 272 137 135 -1 -1 -1 -1 
75 8 507 156 44 80 -1 -1 -1 -1 
76 1 562 199 62 71 -1 -1 -1 -1 
76 3 430 271 136 134 -1 -1 -1 -1 
76 8 507 155 43 78 -1 -1 -1 -1 
77 1 562 200 62 70 -1 -1 -1 -1 
77 3 430 270 135 131 -1 -1 -1 -1 
77 8 507 155 43 66 -1 -1 -1 -1 
78 1 562 200 62 70 -1 -1 -1 -1 
78 3 428 270 137 128 -1 -1 -1 -1 
78 8 507 156 43 65 -1 -1 -1 -1 
79 1 562 201 62 73 -1 -1 -1 -1 
79 3 429 269 135 132 -1 -1 -1 -1 
79 8 507 156 43 65 -1 -1 -1 -1 
80 1 558 200 67 75 -1 -1 -1 -1 
80 3 428 269 135 136 -1 -1 -1 -1 
80 8 507 156 43 64 -1 -1 -1 -1 
81 1 555 200 69 75 -1 -1 -1 -1 
81 3 428 269 136 135 -1 -1 -1 -1 
81 8 507 155 44 69 -1 -1 -1 -1 
82 1 555 200 69 76 -1 -1 -1 -1 
82 3 429 269 135 136 -1 -1 -1 -1 
82 8 507 156 43 80 -1 -1 -1 -1 
83 1 556 200 69 76 -1 -1 -1 -1 
83 3 427 270 136 133 -1 -1 -1 -1 
83 8 507 156 43 79 -1 -1 -1 -1 
84 1 555 200 70 76 -1 -1 -1 -1 
84 3 427 270 138 136 -1 -1 -1 -1 
84 8 507 156 43 82 -1 -1 -1 -1 
85 1 556 200 69 75 -1 -1 -1 -1 
85 3 430 272 136 131 -1 -1 -1 -1 
85 8 507 156 44 81 -1 -1 -1 -1 
86 1 556 200 68 75 -1 -1 -1 -1 
86 3 432 272 134 130 -1 -1 -1 -1 
86 8 507 156 43 81 -1 -1 -1 -1 
87 1 556 200 68 74 -1 -1 -1 -1 
87 3 431 273 135 128 -1 -1 -1 -1 
87 8 507 156 43 82 -1 -1 -1 -1 
88 1 556 200 68 73 -1 -1 -1 -1 
88 3 432 271 134 131 -1 -1 -1 -1 
88 8 507 156 43 84 -1 -1 -1 -1 
89 1 556 200 68 73 -1 -1 -1 -1 
89 3 433 270 133 133 -1 -1 -1 -1 
89 8 507 156 43 84 -1 -1 -1 -1 
90 1 556 200 68 73 -1 -1 -1 -1 
90 3 431 270 135 132 -1 -1 -1 -1 
90 8 507 155 43 82 -1 -1 -1 -1 
91 1 556 201 68 72 -1 -1 -1 -1 
91 3 431 269 133 134 -1 -1 -1 -1 
91 8 507 155 44 90 -1 -1 -1 -1 
92 1 555 200 69 73 -1 -1 -1 -1 
92 3 430 269 134 135 -1 -1 -1 -1 
92 8 507 155 44 89 -1 -1 -1 -1 
93 1 555 200 69 73 -1 -1 -1 -1 
93 3 431 269 133 134 -1 -1 -1 -1 
93 8 507 155 44 89 -1 -1 -1 -1 
94 1 555 200 69 74 -1 -1 -1 -1 
94 3 431 270 132 132 -1 -1 -1 -1 
94 8 507 155 43 90 -1 -1 -1 -1 
95 1 555 200 69 73 -1 -1 -1 -1 
95 3 431 270 132 134 -1 -1 -1 -1 
95 8 507 155 43 89 -1 -1 -1 -1 
96 1 555 201 69 73 -1 -1 -1 -1 
96 3 430 269 132 133 -1 -1 -1 -1 
96 8 507 156 43 87 -1 -1 -1 -1 
97 1 555 201 69 74 -1 -1 -1 -1 
97 3 430 269 132 134 -1 -1 -1 -1 
97 8 507 155 43 88 -1 -1 -1 -1 
98 1 555 200 69 75 -1 -1 -1 -1 
98 3 429 269 133 134 -1 -1 -1 -1 
98 8 506 155 44 90 -1 -1 -1 -1 
99 1 556 200 68 75 -1 -1 -1 -1 
99 3 427 268 134 138 -1 -1 -1 -1 
99 8 506 155 44 88 -1 -1 -1 -1 
100 1 555 200 69 75 -1 -1 -1 -1 
100 3 428 268 134 136 -1 -1 -1 -1 
100 8 507 156 43 87 -1 -1 -1 -1 
101 1 555 201 70 73 -1 -1 -1 -1 
101 3 427 267 135 141 -1 -1 -1 -1 
101 8 506 156 44 79 -1 -1 -1 -1 
102 1 556 201 69 73 -1 -1 -1 -1 
102 3 426 267 136 145 -1 -1 -1 -1 
102 8 506 156 44 79 -1 -1 -1 -1 
103 1 556 201 69 72 -1 -1 -1 -1 
103 3 427 267 136 144 -1 -1 -1 -1 
103 8 506 158 44 78 -1 -1 -1 -1 
104 1 556 200 69 73 -1 -1 -1 -1 
104 3 427 267 136 141 -1 -1 -1 -1 
104 8 506 158 44 79 -1 -1 -1 -1 
105 1 556 200 69 73 -1 -1 -1 -1 
105 3 427 268 135 140 -1 -1 -1 -1 
105 8 506 159 44 76 -1 -1 -1 -1 
106 1 556 200 70 72 -1 -1 -1 -1 
106 3 426 268 136 143 -1 -1 -1 -1 
106 8 506 159 44 74 -1 -1 -1 -1 
107 1 556 201 69 72 -1 -1 -1 -1 
107 3 427 265 133 142 -1 -1 -1 -1 
107 8 507 159 43 74 -1 -1 -1 -1 
108 1 556 200 69 75 -1 -1 -1 -1 
108 3 425 266 136 138 -1 -1 -1 -1 
108 8 506 159 43 76 -1 -1 -1 -1 
109 1 557 202 68 70 -1 -1 -1 -1 
109 3 426 266 135 137 -1 -1 -1 -1 
109 8 507 158 43 83 -1 -1 -1 -1 
110 1 557 202 68 71 -1 -1 -1 -1 
110 3 427 266 133 143 -1 -1 -1 -1 
110 8 507 160 43 84 -1 -1 -1 -1 
111 1 557 201 68 71 -1 -1 -1 -1 
111 3 433 264 127 149 -1 -1 -1 -1 
111 8 507 159 43 82 -1 -1 -1 -1 
112 1 557 201 69 71 -1 -1 -1 -1 
112 3 434 262 125 149 -1 -1 -1 -1 
112 8 507 158 43 82 -1 -1 -1 -1 
113 1 557 201 68 71 -1 -1 -1 -1 
113 3 439 262 120 148 -1 -1 -1 -1 
113 8 507 159 43 80 -1 -1 -1 -1 
114 1 557 201 69 72 -1 -1 -1 -1 
114 3 439 262 119 152 -1 -1 -1 -1 
114 8 507 159 43 81 -1 -1 -1 -1 
115 1 557 201 68 72 -1 -1 -1 -1 
115 3 439 263 120 150 -1 -1 -1 -1 
115 8 507 160 42 76 -1 -1 -1 -1 
116 1 557 201 69 72 -1 -1 -1 -1 
116 3 441 264 119 149 -1 -1 -1 -1 
116 8 507 158 43 66 -1 -1 -1 -1 
117 1 557 201 68 72 -1 -1 -1 -1 
117 3 439 264 121 148 -1 -1 -1 -1 
117 8 507 157 43 68 -1 -1 -1 -1 
118 1 557 201 69 73 -1 -1 -1 -1 
118 3 433 263 127 149 -1 -1 -1 -1 
118 8 507 156 42 82 -1 -1 -1 -1 
119 1 557 201 69 72 -1 -1 -1 -1 
119 3 434 263 126 150 -1 -1 -1 -1 
119 8 507 156 42 86 -1 -1 -1 -1 
120 1 556 200 71 74 -1 -1 -1 -1 
120 3 433 263 127 151 -1 -1 -1 -1 
120 8 507 157 42 83 -1 -1 -1 -1 
121 1 557 200 69 74 -1 -1 -1 -1 
121 3 433 263 128 150 -1 -1 -1 -1 
121 8 507 156 42 89 -1 -1 -1 -1 
122 1 556 200 69 73 -1 -1 -1 -1 
122 3 435 264 125 150 -1 -1 -1 -1 
122 8 507 155 42 70 -1 -1 -1 -1 
123 1 557 200 68 71 -1 -1 -1 -1 
123 3 437 264 123 150 -1 -1 -1 -1 
123 8 507 156 42 67 -1 -1 -1 -1 
124 1 557 201 68 71 -1 -1 -1 -1 
124 3 436 264 123 150 -1 -1 -1 -1 
124 8 508 157 41 63 -1 -1 -1 -1 
125 1 557 201 68 71 -1 -1 -1 -1 
125 3 435 264 123 151 -1 -1 -1 -1 
125 8 508 157 41 61 -1 -1 -1 -1 
126 1 557 200 67 73 -1 -1 -1 -1 
126 3 438 264 120 149 -1 -1 -1 -1 
126 8 507 155 42 64 -1 -1 -1 -1 
127 1 558 200 66 73 -1 -1 -1 -1 
127 3 438 264 121 150 -1 -1 -1 -1 
127 8 507 155 42 64 -1 -1 -1 -1 
128 1 557 200 67 73 -1 -1 -1 -1 
128 3 438 264 121 149 -1 -1 -1 -1 
128 8 506 155 42 76 -1 -1 -1 -1 
129 1 557 200 67 73 -1 -1 -1 -1 
129 3 438 264 120 150 -1 -1 -1 -1 
129 8 506 155 42 80 -1 -1 -1 -1 
130 1 557 201 67 72 -1 -1 -1 -1 
130 3 437 263 120 151 -1 -1 -1 -1 
130 8 506 155 42 67 -1 -1 -1 -1 
131 1 557 200 67 74 -1 -1 -1 -1 
131 3 437 263 118 150 -1 -1 -1 -1 
131 8 506 155 42 80 -1 -1 -1 -1 
132 1 557 200 68 74 -1 -1 -1 -1 
132 3 437 262 118 151 -1 -1 -1 -1 
132 8 506 154 42 73 -1 -1 -1 -1 
133 1 557 201 67 72 -1 -1 -1 -1 
133 3 437 263 118 149 -1 -1 -1 -1 
133 8 506 155 42 65 -1 -1 -1 -1 
134 1 560 199 64 78 -1 -1 -1 -1 
134 3 439 264 117 148 -1 -1 -1 -1 
134 8 505 155 43 82 -1 -1 -1 -1 
135 1 561 202 63 71 -1 -1 -1 -1 
135 3 438 263 122 148 -1 -1 -1 -1 
135 8 506 155 42 67 -1 -1 -1 -1 
136 1 560 199 64 75 -1 -1 -1 -1 
136 3 436 263 125 148 -1 -1 -1 -1 
136 8 506 154 42 71 -1 -1 -1 -1 
137 1 561 198 62 73 -1 -1 -1 -1 
137 3 437 263 123 147 -1 -1 -1 -1 
137 8 506 155 42 82 -1 -1 -1 -1 
138 1 561 197 62 82 -1 -1 -1 -1 
138 3 435 263 125 148 -1 -1 -1 -1 
138 8 506 155 42 83 -1 -1 -1 -1 
139 1 561 198 61 84 -1 -1 -1 -1 
139 3 435 264 125 145 -1 -1 -1 -1 
139 8 506 155 42 70 -1 -1 -1 -1 
140 1 561 196 62 79 -1 -1 -1 -1 
140 3 436 263 124 145 -1 -1 -1 -1 
140 8 506 155 42 88 -1 -1 -1 -1 
141 1 561 198 63 76 -1 -1 -1 -1 
141 3 435 263 124 143 -1 -1 -1 -1 
141 8 506 154 43 74 -1 -1 -1 -1 
142 1 561 199 63 75 -1 -1 -1 -1 
142 3 434 263 124 145 -1 -1 -1 -1 
142 8 506 156 42 79 -1 -1 -1 -1 
143 1 561 200 62 74 -1 -1 -1 -1 
143 3 436 262 121 146 -1 -1 -1 -1 
143 8 506 156 42 81 -1 -1 -1 -1 
144 1 561 199 63 76 -1 -1 -1 -1 
144 3 436 262 121 147 -1 -1 -1 -1 
144 8 506 155 42 73 -1 -1 -1 -1 
145 1 562 202 61 73 -1 -1 -1 -1 
145 3 442 263 117 146 -1 -1 -1 -1 
145 8 506 156 42 88 -1 -1 -1 -1 
146 1 562 196 61 83 -1 -1 -1 -1 
146 3 442 262 116 147 -1 -1 -1 -1 
146 8 506 155 42 89 -1 -1 -1 -1 
147 1 562 195 61 87 -1 -1 -1 -1 
147 3 441 262 117 148 -1 -1 -1 -1 
147 8 506 155 42 88 -1 -1 -1 -1 
148 1 563 195 61 85 -1 -1 -1 -1 
148 3 441 262 117 149 -1 -1 -1 -1 
148 8 506 155 42 83 -1 -1 -1 -1 
149 1 562 196 62 78 -1 -1 -1 -1 
149 3 442 263 117 148 -1 -1 -1 -1 
149 8 507 154 41 71 -1 -1 -1 -1 
150 1 562 197 62 78 -1 -1 -1 -1 
150 3 441 263 117 148 -1 -1 -1 -1 
150 8 506 154 42 68 -1 -1 -1 -1 
151 1 562 197 62 77 -1 -1 -1 -1 
151 3 442 263 117 147 -1 -1 -1 -1 
151 8 506 154 42 67 -1 -1 -1 -1 
152 1 562 197 62 79 -1 -1 -1 -1 
152 3 441 263 118 147 -1 -1 -1 -1 
152 8 506 155 42 66 -1 -1 -1 -1 
153 1 562 198 62 75 -1 -1 -1 -1 
153 3 442 263 117 147 -1 -1 -1 -1 
153 8 506 155 42 66 -1 -1 -1 -1 
154 1 562 200 62 75 -1 -1 -1 -1 
154 3 441 263 119 148 -1 -1 -1 -1 
154 8 506 155 42 76 -1 -1 -1 -1 
155 1 562 200 62 74 -1 -1 -1 -1 
155 3 437 262 121 144 -1 -1 -1 -1 
155 8 506 157 42 63 -1 -1 -1 -1 
156 1 562 199 62 74 -1 -1 -1 -1 
156 3 438 262 121 143 -1 -1 -1 -1 
156 8 506 157 42 63 -1 -1 -1 -1 
157 1 562 198 62 74 -1 -1 -1 -1 
157 3 439 263 120 144 -1 -1 -1 -1 
157 8 506 156 42 74 -1 -1 -1 -1 
158 1 562 198 62 74 -1 -1 -1 -1 
158 3 440 263 118 142 -1 -1 -1 -1 
158 8 506 156 42 62 -1 -1 -1 -1 
159 1 562 199 62 74 -1 -1 -1 -1 
159 3 439 263 118 144 -1 -1 -1 -1 
159 8 506 159 41 59 -1 -1 -1 -1 
160 1 562 199 62 73 -1 -1 -1 -1 
160 3 439 263 118 145 -1 -1 -1 -1 
160 8 506 159 42 59 -1 -1 -1 -1 
161 1 562 199 62 74 -1 -1 -1 -1 
161 3 439 263 118 143 -1 -1 -1 -1 
161 8 506 159 42 59 -1 -1 -1 -1 
162 1 562 200 62 73 -1 -1 -1 -1 
162 3 439 263 118 142 -1 -1 -1 -1 
162 8 506 159 42 59 -1 -1 -1 -1 
163 1 562 200 62 74 -1 -1 -1 -1 
163 3 437 263 121 141 -1 -1 -1 -1 
163 8 506 159 42 61 -1 -1 -1 -1 
164 1 562 199 62 73 -1 -1 -1 -1 
164 3 438 263 119 140 -1 -1 -1 -1 
164 8 506 160 42 57 -1 -1 -1 -1 
164 10 503 146 44 40 -1 -1 -1 -1 
165 1 562 198 63 75 -1 -1 -1 -1 
165 3 439 263 120 150 -1 -1 -1 -1 
165 8 506 158 42 65 -1 -1 -1 -1 
165 10 502 147 46 38 -1 -1 -1 -1 
166 1 562 199 63 75 -1 -1 -1 -1 
166 3 438 263 120 149 -1 -1 -1 -1 
166 8 506 158 42 62 -1 -1 -1 -1 
166 10 502 147 45 38 -1 -1 -1 -1 
167 1 562 198 62 74 -1 -1 -1 -1 
167 3 439 263 119 150 -1 -1 -1 -1 
167 8 506 157 42 65 -1 -1 -1 -1 
168 1 562 200 62 73 -1 -1 -1 -1 
168 3 439 263 120 150 -1 -1 -1 -1 
168 8 506 158 42 63 -1 -1 -1 -1 
169 1 562 198 63 74 -1 -1 -1 -1 
169 3 438 263 121 150 -1 -1 -1 -1 
169 8 505 158 43 81 -1 -1 -1 -1 
169 10 502 147 46 39 -1 -1 -1 -1 
