3 1 282 64 90 220 -1 -1 -1 -1 
4 1 293 74 89 235 -1 -1 -1 -1 
5 1 311 91 93 271 -1 -1 -1 -1 
6 1 299 101 112 323 -1 -1 -1 -1 
7 1 322 114 106 324 -1 -1 -1 -1 
8 1 346 118 108 335 -1 -1 -1 -1 
9 1 361 136 96 339 -1 -1 -1 -1 
9 2 492 327 54 61 -1 -1 -1 -1 
10 1 353 156 109 320 -1 -1 -1 -1 
11 1 358 163 120 309 -1 -1 -1 -1 
12 1 356 157 117 316 -1 -1 -1 -1 
13 1 361 152 110 321 -1 -1 -1 -1 
14 1 360 151 112 323 -1 -1 -1 -1 
14 4 375 156 109 106 -1 -1 -1 -1 
15 1 358 152 114 323 -1 -1 -1 -1 
16 1 356 156 123 316 -1 -1 -1 -1 
17 1 357 154 118 317 -1 -1 -1 -1 
18 1 358 155 116 315 -1 -1 -1 -1 
19 1 358 147 117 327 -1 -1 -1 -1 
20 1 358 153 116 317 -1 -1 -1 -1 
20 6 369 166 104 89 -1 -1 -1 -1 
21 1 357 152 122 321 -1 -1 -1 -1 
22 1 357 151 120 320 -1 -1 -1 -1 
23 1 358 153 122 318 -1 -1 -1 -1 
24 1 358 155 121 316 -1 -1 -1 -1 
25 1 356 144 127 328 -1 -1 -1 -1 
26 1 356 147 122 326 -1 -1 -1 -1 
27 1 356 148 105 325 -1 -1 -1 -1 
28 1 358 150 103 323 -1 -1 -1 -1 
29 1 357 142 108 331 -1 -1 -1 -1 
30 1 378 148 90 323 -1 -1 -1 -1 
31 1 376 106 105 359 -1 -1 -1 -1 
35 10 365 119 168 284 -1 -1 -1 -1 
36 10 392 118 151 277 -1 -1 -1 -1 
43 15 402 294 28 32 -1 -1 -1 -1 
44 15 402 294 28 32 -1 -1 -1 -1 
55 15 402 294 27 33 -1 -1 -1 -1 
56 15 402 295 27 31 -1 -1 -1 -1 
57 15 402 295 27 31 -1 -1 -1 -1 
58 15 402 295 27 31 -1 -1 -1 -1 
59 15 402 295 27 31 -1 -1 -1 -1 
67 22 387 156 149 249 -1 -1 -1 -1 
68 22 383 139 152 263 -1 -1 -1 -1 
69 22 381 137 154 270 -1 -1 -1 -1 
70 22 379 140 156 265 -1 -1 -1 -1 
71 22 388 142 146 260 -1 -1 -1 -1 
72 22 390 141 144 262 -1 -1 -1 -1 
72 23 499 297 79 99 -1 -1 -1 -1 
73 22 385 140 149 262 -1 -1 -1 -1 
73 23 499 299 80 97 -1 -1 -1 -1 
73 24 591 309 43 62 -1 -1 -1 -1 
74 22 390 173 143 225 -1 -1 -1 -1 
74 23 502 303 78 93 -1 -1 -1 -1 
74 24 591 310 41 60 -1 -1 -1 -1 
75 22 397 170 139 239 -1 -1 -1 -1 
75 23 501 306 78 91 -1 -1 -1 -1 
76 22 410 169 139 221 -1 -1 -1 -1 
76 23 500 307 80 89 -1 -1 -1 -1 
77 22 421 156 128 237 -1 -1 -1 -1 
77 23 498 306 82 90 -1 -1 -1 -1 
78 22 423 156 126 239 -1 -1 -1 -1 
78 23 495 305 85 91 -1 -1 -1 -1 
78 24 591 310 43 61 -1 -1 -1 -1 
79 22 422 159 129 235 -1 -1 -1 -1 
79 23 495 306 86 91 -1 -1 -1 -1 
79 24 590 309 44 62 -1 -1 -1 -1 
80 22 413 164 139 230 -1 -1 -1 -1 
80 23 497 305 83 92 -1 -1 -1 -1 
80 24 591 310 42 61 -1 -1 -1 -1 
81 22 413 164 139 230 -1 -1 -1 -1 
82 23 495 306 85 90 -1 -1 -1 -1 
83 23 496 307 84 89 -1 -1 -1 -1 
84 23 495 308 85 88 -1 -1 -1 -1 
85 23 486 308 96 88 -1 -1 -1 -1 
86 23 486 308 96 88 -1 -1 -1 -1 
86 29 365 115 104 297 -1 -1 -1 -1 
87 29 365 117 159 299 -1 -1 -1 -1 
88 29 368 128 126 317 -1 -1 -1 -1 
89 29 370 127 161 317 -1 -1 -1 -1 
90 29 370 129 158 316 -1 -1 -1 -1 
90 31 558 182 71 90 -1 -1 -1 -1 
91 29 370 129 146 316 -1 -1 -1 -1 
91 31 559 182 70 90 -1 -1 -1 -1 
92 29 370 130 133 315 -1 -1 -1 -1 
93 29 371 125 114 321 -1 -1 -1 -1 
93 31 559 183 69 87 -1 -1 -1 -1 
94 29 359 118 115 327 -1 -1 -1 -1 
95 29 362 128 98 316 -1 -1 -1 -1 
95 31 562 183 69 84 -1 -1 -1 -1 
96 29 340 126 133 319 -1 -1 -1 -1 
97 23 482 309 114 87 -1 -1 -1 -1 
97 29 350 127 127 333 -1 -1 -1 -1 
97 31 561 182 73 86 -1 -1 -1 -1 
98 23 482 309 114 87 -1 -1 -1 -1 
98 29 366 130 113 330 -1 -1 -1 -1 
99 29 367 129 111 331 -1 -1 -1 -1 
99 31 559 182 76 86 -1 -1 -1 -1 
100 29 366 129 111 331 -1 -1 -1 -1 
100 31 562 182 73 87 -1 -1 -1 -1 
101 29 366 125 112 335 -1 -1 -1 -1 
101 31 559 181 76 88 -1 -1 -1 -1 
102 23 485 312 111 83 -1 -1 -1 -1 
102 29 367 119 110 341 -1 -1 -1 -1 
102 31 560 183 75 84 -1 -1 -1 -1 
103 23 485 312 111 83 -1 -1 -1 -1 
104 29 354 123 123 337 -1 -1 -1 -1 
105 23 477 311 121 84 -1 -1 -1 -1 
105 29 356 122 122 338 -1 -1 -1 -1 
106 23 477 311 120 85 -1 -1 -1 -1 
106 29 360 123 119 337 -1 -1 -1 -1 
106 34 366 174 36 29 -1 -1 -1 -1 
107 23 477 311 120 85 -1 -1 -1 -1 
108 29 362 124 118 336 -1 -1 -1 -1 
109 29 360 123 121 336 -1 -1 -1 -1 
110 29 358 125 123 334 -1 -1 -1 -1 
110 35 360 174 40 32 -1 -1 -1 -1 
111 29 358 125 123 334 -1 -1 -1 -1 
112 29 358 126 124 333 -1 -1 -1 -1 
113 29 360 127 122 332 -1 -1 -1 -1 
114 29 361 127 121 332 -1 -1 -1 -1 
115 29 363 129 119 331 -1 -1 -1 -1 
116 29 366 130 117 331 -1 -1 -1 -1 
117 29 381 126 101 333 -1 -1 -1 -1 
118 29 382 134 106 291 -1 -1 -1 -1 
119 29 415 138 135 241 -1 -1 -1 -1 
120 29 426 136 97 249 -1 -1 -1 -1 
121 29 429 139 119 246 -1 -1 -1 -1 
129 39 467 149 87 122 -1 -1 -1 -1 
136 39 467 149 87 131 -1 -1 -1 -1 
137 39 462 151 96 222 -1 -1 -1 -1 
