3 1 471 166 125 130 -1 -1 -1 -1 
4 1 458 151 107 247 -1 -1 -1 -1 
5 1 444 141 101 250 -1 -1 -1 -1 
6 1 448 142 98 248 -1 -1 -1 -1 
7 1 459 160 118 238 -1 -1 -1 -1 
8 1 471 153 117 132 -1 -1 -1 -1 
9 1 471 153 117 132 -1 -1 -1 -1 
14 8 516 73 51 107 -1 -1 -1 -1 
15 8 522 75 49 109 -1 -1 -1 -1 
16 8 524 76 35 50 -1 -1 -1 -1 
16 12 462 148 91 232 -1 -1 -1 -1 
17 8 515 79 58 80 -1 -1 -1 -1 
17 12 463 160 89 212 -1 -1 -1 -1 
18 8 515 79 58 80 -1 -1 -1 -1 
19 12 463 156 90 227 -1 -1 -1 -1 
20 12 463 155 88 226 -1 -1 -1 -1 
21 12 467 156 82 129 -1 -1 -1 -1 
22 12 466 155 83 133 -1 -1 -1 -1 
23 12 467 154 83 138 -1 -1 -1 -1 
24 12 467 154 83 138 -1 -1 -1 -1 
24 15 427 73 69 184 -1 -1 -1 -1 
25 15 382 88 103 228 -1 -1 -1 -1 
26 15 372 115 97 220 -1 -1 -1 -1 
26 17 532 298 107 94 -1 -1 -1 -1 
27 15 366 79 75 255 -1 -1 -1 -1 
27 17 537 292 102 101 -1 -1 -1 -1 
28 15 366 79 75 255 -1 -1 -1 -1 
28 17 529 283 110 111 -1 -1 -1 -1 
28 18 463 155 88 235 -1 -1 -1 -1 
29 17 529 282 110 112 -1 -1 -1 -1 
29 18 460 154 91 239 -1 -1 -1 -1 
30 17 529 282 110 112 -1 -1 -1 -1 
30 18 460 154 92 241 -1 -1 -1 -1 
31 18 461 153 91 241 -1 -1 -1 -1 
31 22 195 50 64 275 -1 -1 -1 -1 
32 18 461 152 90 227 -1 -1 -1 -1 
32 22 162 58 89 262 -1 -1 -1 -1 
33 18 462 154 89 221 -1 -1 -1 -1 
33 22 148 63 73 246 -1 -1 -1 -1 
34 18 465 155 85 206 -1 -1 -1 -1 
34 22 145 46 63 266 -1 -1 -1 -1 
35 18 461 152 94 244 -1 -1 -1 -1 
35 22 143 45 77 265 -1 -1 -1 -1 
36 18 462 154 90 240 -1 -1 -1 -1 
36 22 154 57 78 256 -1 -1 -1 -1 
37 18 463 151 88 244 -1 -1 -1 -1 
37 22 154 57 78 256 -1 -1 -1 -1 
38 18 461 153 90 241 -1 -1 -1 -1 
39 18 461 153 90 241 -1 -1 -1 -1 
39 28 256 81 89 310 -1 -1 -1 -1 
40 18 461 155 89 235 -1 -1 -1 -1 
40 28 297 88 99 301 -1 -1 -1 -1 
41 18 463 155 87 236 -1 -1 -1 -1 
41 28 334 99 93 319 -1 -1 -1 -1 
42 18 454 155 97 239 -1 -1 -1 -1 
42 28 337 101 89 315 -1 -1 -1 -1 
43 18 458 151 91 225 -1 -1 -1 -1 
43 28 337 95 86 320 -1 -1 -1 -1 
43 33 402 294 28 34 -1 -1 -1 -1 
44 18 451 151 99 225 -1 -1 -1 -1 
44 28 338 93 84 323 -1 -1 -1 -1 
44 33 402 294 28 34 -1 -1 -1 -1 
44 35 582 177 56 91 -1 -1 -1 -1 
45 18 447 150 104 239 -1 -1 -1 -1 
45 28 338 93 84 323 -1 -1 -1 -1 
45 33 402 294 27 34 -1 -1 -1 -1 
45 35 582 176 57 93 -1 -1 -1 -1 
45 36 395 189 25 26 -1 -1 -1 -1 
46 18 447 150 104 239 -1 -1 -1 -1 
46 33 402 294 27 34 -1 -1 -1 -1 
47 39 304 101 88 203 -1 -1 -1 -1 
48 39 312 100 86 201 -1 -1 -1 -1 
49 39 313 100 89 214 -1 -1 -1 -1 
50 39 314 99 88 223 -1 -1 -1 -1 
50 41 374 190 33 23 -1 -1 -1 -1 
51 39 314 100 88 254 -1 -1 -1 -1 
51 41 374 190 33 23 -1 -1 -1 -1 
52 39 310 100 91 290 -1 -1 -1 -1 
52 43 447 159 96 233 -1 -1 -1 -1 
53 39 290 98 111 307 -1 -1 -1 -1 
53 43 451 160 93 232 -1 -1 -1 -1 
54 39 289 97 112 308 -1 -1 -1 -1 
54 43 451 162 93 229 -1 -1 -1 -1 
55 39 295 98 106 308 -1 -1 -1 -1 
55 41 376 187 30 26 -1 -1 -1 -1 
55 43 448 161 97 230 -1 -1 -1 -1 
56 39 301 98 98 309 -1 -1 -1 -1 
56 41 376 187 30 26 -1 -1 -1 -1 
57 39 300 99 99 305 -1 -1 -1 -1 
57 43 448 160 96 225 -1 -1 -1 -1 
58 39 291 97 111 311 -1 -1 -1 -1 
58 41 379 188 28 26 -1 -1 -1 -1 
58 43 451 160 93 228 -1 -1 -1 -1 
59 39 298 95 106 311 -1 -1 -1 -1 
59 41 385 190 30 21 -1 -1 -1 -1 
59 43 450 158 93 228 -1 -1 -1 -1 
60 39 304 96 101 300 -1 -1 -1 -1 
60 41 385 190 30 21 -1 -1 -1 -1 
61 39 303 96 105 300 -1 -1 -1 -1 
61 43 447 157 97 232 -1 -1 -1 -1 
62 39 303 96 103 301 -1 -1 -1 -1 
63 39 307 93 100 313 -1 -1 -1 -1 
63 43 447 163 95 223 -1 -1 -1 -1 
64 39 316 96 90 298 -1 -1 -1 -1 
64 43 446 159 97 230 -1 -1 -1 -1 
65 39 320 96 87 254 -1 -1 -1 -1 
65 43 446 161 97 223 -1 -1 -1 -1 
66 39 329 95 77 214 -1 -1 -1 -1 
66 43 446 161 97 223 -1 -1 -1 -1 
66 51 385 182 29 22 -1 -1 -1 -1 
67 39 328 95 76 212 -1 -1 -1 -1 
67 51 385 181 28 21 -1 -1 -1 -1 
68 39 327 92 77 215 -1 -1 -1 -1 
68 51 386 186 24 20 -1 -1 -1 -1 
69 39 324 88 83 219 -1 -1 -1 -1 
69 51 386 186 24 20 -1 -1 -1 -1 
70 39 321 85 80 219 -1 -1 -1 -1 
70 43 446 162 97 226 -1 -1 -1 -1 
71 39 313 88 77 217 -1 -1 -1 -1 
71 43 450 161 94 228 -1 -1 -1 -1 
72 39 313 87 80 210 -1 -1 -1 -1 
72 43 454 161 94 229 -1 -1 -1 -1 
73 39 293 94 89 278 -1 -1 -1 -1 
73 43 449 161 96 227 -1 -1 -1 -1 
74 39 301 83 78 195 -1 -1 -1 -1 
74 43 449 161 96 227 -1 -1 -1 -1 
75 39 311 73 71 215 -1 -1 -1 -1 
76 39 310 72 77 215 -1 -1 -1 -1 
76 43 450 160 94 230 -1 -1 -1 -1 
77 39 312 72 74 224 -1 -1 -1 -1 
77 43 448 161 96 230 -1 -1 -1 -1 
78 39 312 69 83 298 -1 -1 -1 -1 
78 43 450 162 94 230 -1 -1 -1 -1 
78 60 573 176 59 78 -1 -1 -1 -1 
79 39 322 68 82 272 -1 -1 -1 -1 
79 43 449 164 94 225 -1 -1 -1 -1 
79 60 574 176 58 78 -1 -1 -1 -1 
80 39 317 68 86 290 -1 -1 -1 -1 
80 43 447 164 95 223 -1 -1 -1 -1 
80 60 574 176 57 78 -1 -1 -1 -1 
81 39 318 72 91 285 -1 -1 -1 -1 
81 43 447 164 95 224 -1 -1 -1 -1 
81 60 574 178 56 73 -1 -1 -1 -1 
82 39 312 70 92 263 -1 -1 -1 -1 
82 43 447 164 96 227 -1 -1 -1 -1 
82 60 574 176 56 72 -1 -1 -1 -1 
83 39 296 73 82 323 -1 -1 -1 -1 
83 43 446 163 96 228 -1 -1 -1 -1 
83 60 574 176 56 72 -1 -1 -1 -1 
84 39 287 80 79 310 -1 -1 -1 -1 
84 43 446 163 97 228 -1 -1 -1 -1 
85 39 296 75 82 313 -1 -1 -1 -1 
85 43 446 161 96 226 -1 -1 -1 -1 
86 39 292 66 108 320 -1 -1 -1 -1 
86 43 447 167 95 223 -1 -1 -1 -1 
87 39 297 68 124 317 -1 -1 -1 -1 
87 43 448 166 95 225 -1 -1 -1 -1 
88 39 324 75 87 231 -1 -1 -1 -1 
88 43 451 166 91 224 -1 -1 -1 -1 
89 39 330 93 67 218 -1 -1 -1 -1 
89 43 447 166 95 224 -1 -1 -1 -1 
90 39 324 97 86 212 -1 -1 -1 -1 
90 43 446 166 97 225 -1 -1 -1 -1 
91 39 326 91 88 215 -1 -1 -1 -1 
91 43 446 166 102 227 -1 -1 -1 -1 
92 39 321 76 83 223 -1 -1 -1 -1 
92 43 445 172 114 220 -1 -1 -1 -1 
93 39 311 73 83 217 -1 -1 -1 -1 
93 43 465 166 102 230 -1 -1 -1 -1 
94 39 313 73 84 216 -1 -1 -1 -1 
94 43 455 151 102 244 -1 -1 -1 -1 
94 71 380 161 26 26 -1 -1 -1 -1 
95 39 311 74 84 215 -1 -1 -1 -1 
95 43 455 151 102 244 -1 -1 -1 -1 
95 71 376 151 25 27 -1 -1 -1 -1 
95 73 377 152 23 25 -1 -1 -1 -1 
96 39 307 73 78 210 -1 -1 -1 -1 
96 71 368 145 25 26 -1 -1 -1 -1 
96 73 371 145 23 28 -1 -1 -1 -1 
96 74 531 285 74 114 -1 -1 -1 -1 
97 39 315 75 77 257 -1 -1 -1 -1 
97 71 368 145 25 26 -1 -1 -1 -1 
97 73 384 162 24 24 -1 -1 -1 -1 
97 74 531 285 74 114 -1 -1 -1 -1 
98 39 309 72 86 323 -1 -1 -1 -1 
98 73 384 162 24 24 -1 -1 -1 -1 
99 39 295 70 96 316 -1 -1 -1 -1 
100 39 304 60 91 329 -1 -1 -1 -1 
100 81 584 185 52 83 -1 -1 -1 -1 
101 39 302 71 98 320 -1 -1 -1 -1 
101 81 583 186 53 82 -1 -1 -1 -1 
102 39 294 70 99 322 -1 -1 -1 -1 
102 81 580 182 51 80 -1 -1 -1 -1 
102 83 462 143 89 253 -1 -1 -1 -1 
103 39 294 64 90 328 -1 -1 -1 -1 
103 81 579 181 48 83 -1 -1 -1 -1 
103 83 462 143 89 248 -1 -1 -1 -1 
104 39 295 72 91 320 -1 -1 -1 -1 
104 81 579 176 53 101 -1 -1 -1 -1 
104 83 463 141 94 253 -1 -1 -1 -1 
105 39 294 74 95 318 -1 -1 -1 -1 
105 81 577 169 52 86 -1 -1 -1 -1 
105 83 462 141 88 258 -1 -1 -1 -1 
106 39 294 69 95 322 -1 -1 -1 -1 
106 81 577 169 52 86 -1 -1 -1 -1 
106 83 461 143 89 258 -1 -1 -1 -1 
107 39 304 70 85 321 -1 -1 -1 -1 
107 74 522 288 76 108 -1 -1 -1 -1 
107 83 459 145 91 256 -1 -1 -1 -1 
108 39 307 71 84 318 -1 -1 -1 -1 
108 74 522 288 76 108 -1 -1 -1 -1 
109 39 296 70 95 221 -1 -1 -1 -1 
109 83 461 145 88 250 -1 -1 -1 -1 
110 39 301 73 88 212 -1 -1 -1 -1 
110 83 455 144 93 251 -1 -1 -1 -1 
111 39 301 73 90 211 -1 -1 -1 -1 
111 83 459 146 90 254 -1 -1 -1 -1 
112 39 313 74 79 212 -1 -1 -1 -1 
112 83 459 146 90 254 -1 -1 -1 -1 
113 39 313 77 85 209 -1 -1 -1 -1 
113 83 460 147 89 254 -1 -1 -1 -1 
113 88 376 163 26 27 -1 -1 -1 -1 
114 39 319 74 72 213 -1 -1 -1 -1 
114 83 459 148 92 250 -1 -1 -1 -1 
115 39 317 74 76 213 -1 -1 -1 -1 
115 83 460 148 91 250 -1 -1 -1 -1 
116 39 300 76 90 211 -1 -1 -1 -1 
116 83 459 148 91 253 -1 -1 -1 -1 
117 39 300 77 99 210 -1 -1 -1 -1 
117 83 458 149 92 250 -1 -1 -1 -1 
117 92 574 175 52 89 -1 -1 -1 -1 
118 39 302 77 96 211 -1 -1 -1 -1 
118 83 459 149 92 251 -1 -1 -1 -1 
118 92 574 175 52 89 -1 -1 -1 -1 
119 39 304 77 89 213 -1 -1 -1 -1 
119 83 459 149 93 249 -1 -1 -1 -1 
119 94 524 292 40 105 -1 -1 -1 -1 
120 39 302 76 100 213 -1 -1 -1 -1 
120 83 460 149 92 248 -1 -1 -1 -1 
120 94 524 293 40 104 -1 -1 -1 -1 
121 39 300 76 96 310 -1 -1 -1 -1 
121 83 460 149 91 250 -1 -1 -1 -1 
121 94 520 294 44 103 -1 -1 -1 -1 
122 39 302 76 92 313 -1 -1 -1 -1 
122 83 459 149 93 249 -1 -1 -1 -1 
122 94 525 296 43 102 -1 -1 -1 -1 
123 39 299 77 94 316 -1 -1 -1 -1 
123 83 460 148 91 246 -1 -1 -1 -1 
123 94 520 296 48 101 -1 -1 -1 -1 
124 39 301 77 95 307 -1 -1 -1 -1 
124 83 459 148 92 252 -1 -1 -1 -1 
124 94 526 294 43 104 -1 -1 -1 -1 
125 39 296 77 97 316 -1 -1 -1 -1 
125 83 461 148 91 248 -1 -1 -1 -1 
125 94 522 295 46 102 -1 -1 -1 -1 
126 39 295 76 96 317 -1 -1 -1 -1 
126 83 460 149 92 247 -1 -1 -1 -1 
126 94 523 294 46 103 -1 -1 -1 -1 
127 39 296 75 94 316 -1 -1 -1 -1 
127 83 462 147 90 249 -1 -1 -1 -1 
127 94 524 292 45 106 -1 -1 -1 -1 
127 97 369 147 24 28 -1 -1 -1 -1 
128 39 298 75 93 316 -1 -1 -1 -1 
128 83 462 149 90 249 -1 -1 -1 -1 
128 94 524 292 44 106 -1 -1 -1 -1 
129 39 301 75 89 315 -1 -1 -1 -1 
129 83 460 147 91 251 -1 -1 -1 -1 
129 94 524 295 45 102 -1 -1 -1 -1 
130 39 299 77 92 291 -1 -1 -1 -1 
130 83 461 148 90 247 -1 -1 -1 -1 
130 94 519 294 49 104 -1 -1 -1 -1 
131 39 308 73 81 273 -1 -1 -1 -1 
131 83 462 148 91 246 -1 -1 -1 -1 
131 94 526 299 42 98 -1 -1 -1 -1 
132 39 304 70 91 279 -1 -1 -1 -1 
132 83 460 147 92 253 -1 -1 -1 -1 
132 94 525 297 43 100 -1 -1 -1 -1 
132 100 402 294 26 32 -1 -1 -1 -1 
133 39 297 72 81 223 -1 -1 -1 -1 
133 83 459 148 93 249 -1 -1 -1 -1 
133 94 525 297 43 100 -1 -1 -1 -1 
134 39 297 85 84 200 -1 -1 -1 -1 
134 83 460 148 92 249 -1 -1 -1 -1 
134 94 525 293 43 104 -1 -1 -1 -1 
135 39 309 86 75 201 -1 -1 -1 -1 
135 83 459 149 93 249 -1 -1 -1 -1 
135 94 525 293 43 104 -1 -1 -1 -1 
136 39 317 75 73 214 -1 -1 -1 -1 
136 83 459 149 93 249 -1 -1 -1 -1 
136 94 525 293 43 105 -1 -1 -1 -1 
137 39 317 72 74 217 -1 -1 -1 -1 
137 83 459 148 93 251 -1 -1 -1 -1 
137 94 525 293 43 104 -1 -1 -1 -1 
138 39 320 88 98 316 -1 -1 -1 -1 
138 83 459 147 93 252 -1 -1 -1 -1 
138 94 525 292 43 105 -1 -1 -1 -1 
139 39 343 101 84 304 -1 -1 -1 -1 
139 83 460 148 92 248 -1 -1 -1 -1 
139 94 525 294 43 103 -1 -1 -1 -1 
139 100 403 293 28 32 -1 -1 -1 -1 
140 39 382 112 84 304 -1 -1 -1 -1 
140 83 461 148 91 250 -1 -1 -1 -1 
140 94 525 296 43 101 -1 -1 -1 -1 
141 39 399 135 94 256 -1 -1 -1 -1 
141 83 467 146 84 246 -1 -1 -1 -1 
141 94 522 299 46 97 -1 -1 -1 -1 
142 39 390 135 95 302 -1 -1 -1 -1 
142 83 464 144 87 250 -1 -1 -1 -1 
143 39 392 136 88 290 -1 -1 -1 -1 
143 83 464 144 86 252 -1 -1 -1 -1 
143 94 520 297 48 100 -1 -1 -1 -1 
144 39 392 138 89 296 -1 -1 -1 -1 
144 83 464 145 91 249 -1 -1 -1 -1 
144 94 520 297 48 100 -1 -1 -1 -1 
145 39 392 137 89 295 -1 -1 -1 -1 
145 83 468 149 91 247 -1 -1 -1 -1 
145 94 523 298 39 100 -1 -1 -1 -1 
145 104 581 195 48 61 -1 -1 -1 -1 
146 39 392 138 90 293 -1 -1 -1 -1 
146 83 470 160 103 237 -1 -1 -1 -1 
146 94 523 298 39 100 -1 -1 -1 -1 
147 39 392 137 89 293 -1 -1 -1 -1 
147 83 466 150 93 243 -1 -1 -1 -1 
147 104 578 189 46 81 -1 -1 -1 -1 
148 39 392 138 90 288 -1 -1 -1 -1 
148 83 470 154 93 240 -1 -1 -1 -1 
148 104 581 196 45 74 -1 -1 -1 -1 
149 39 393 139 88 295 -1 -1 -1 -1 
149 83 470 160 96 239 -1 -1 -1 -1 
150 39 394 139 88 299 -1 -1 -1 -1 
150 83 470 159 95 236 -1 -1 -1 -1 
151 39 392 138 90 295 -1 -1 -1 -1 
151 83 470 156 94 239 -1 -1 -1 -1 
152 39 391 139 90 287 -1 -1 -1 -1 
152 83 470 155 95 240 -1 -1 -1 -1 
152 105 581 187 49 78 -1 -1 -1 -1 
153 39 392 137 87 305 -1 -1 -1 -1 
153 83 470 153 93 241 -1 -1 -1 -1 
153 105 580 196 48 67 -1 -1 -1 -1 
154 39 387 133 94 331 -1 -1 -1 -1 
154 83 471 153 90 237 -1 -1 -1 -1 
154 105 579 198 53 65 -1 -1 -1 -1 
155 39 386 136 94 329 -1 -1 -1 -1 
155 83 473 153 88 128 -1 -1 -1 -1 
155 105 581 196 47 67 -1 -1 -1 -1 
156 39 387 139 93 327 -1 -1 -1 -1 
156 83 471 154 92 232 -1 -1 -1 -1 
156 105 580 189 42 75 -1 -1 -1 -1 
157 39 388 140 94 325 -1 -1 -1 -1 
157 83 474 153 91 233 -1 -1 -1 -1 
157 105 571 175 54 89 -1 -1 -1 -1 
158 39 397 138 85 271 -1 -1 -1 -1 
158 83 474 152 89 230 -1 -1 -1 -1 
158 105 569 173 61 93 -1 -1 -1 -1 
159 39 398 136 85 261 -1 -1 -1 -1 
159 83 473 153 91 240 -1 -1 -1 -1 
160 39 372 129 112 329 -1 -1 -1 -1 
160 83 472 153 91 237 -1 -1 -1 -1 
161 39 359 109 97 341 -1 -1 -1 -1 
161 83 470 153 92 234 -1 -1 -1 -1 
161 94 522 296 42 102 -1 -1 -1 -1 
162 39 362 93 81 295 -1 -1 -1 -1 
162 83 471 153 92 244 -1 -1 -1 -1 
162 94 521 303 41 95 -1 -1 -1 -1 
163 39 366 88 82 297 -1 -1 -1 -1 
163 83 470 153 95 247 -1 -1 -1 -1 
163 94 527 302 35 95 -1 -1 -1 -1 
164 39 369 75 81 309 -1 -1 -1 -1 
164 83 471 152 93 244 -1 -1 -1 -1 
164 94 527 303 36 95 -1 -1 -1 -1 
165 39 372 77 74 306 -1 -1 -1 -1 
165 83 471 152 92 245 -1 -1 -1 -1 
165 94 518 302 44 96 -1 -1 -1 -1 
166 39 371 80 72 304 -1 -1 -1 -1 
166 83 470 152 92 241 -1 -1 -1 -1 
166 94 521 298 41 100 -1 -1 -1 -1 
167 39 367 75 76 308 -1 -1 -1 -1 
167 83 470 151 92 244 -1 -1 -1 -1 
167 94 521 299 42 99 -1 -1 -1 -1 
168 39 371 73 69 306 -1 -1 -1 -1 
168 83 470 151 92 244 -1 -1 -1 -1 
168 94 520 297 44 100 -1 -1 -1 -1 
169 39 370 72 70 308 -1 -1 -1 -1 
169 83 470 151 93 246 -1 -1 -1 -1 
169 94 520 297 45 100 -1 -1 -1 -1 
170 39 369 73 70 307 -1 -1 -1 -1 
170 83 469 152 93 243 -1 -1 -1 -1 
170 94 520 299 44 99 -1 -1 -1 -1 
171 39 373 75 67 306 -1 -1 -1 -1 
171 83 469 155 97 243 -1 -1 -1 -1 
171 94 523 298 40 100 -1 -1 -1 -1 
172 39 372 75 70 306 -1 -1 -1 -1 
172 83 469 155 97 243 -1 -1 -1 -1 
173 39 373 75 68 306 -1 -1 -1 -1 
173 94 520 297 43 100 -1 -1 -1 -1 
174 39 372 75 67 307 -1 -1 -1 -1 
174 83 452 151 111 241 -1 -1 -1 -1 
174 94 521 299 43 98 -1 -1 -1 -1 
175 39 372 74 67 308 -1 -1 -1 -1 
175 83 451 151 108 240 -1 -1 -1 -1 
175 94 520 297 44 100 -1 -1 -1 -1 
176 39 373 74 66 307 -1 -1 -1 -1 
176 83 457 147 96 244 -1 -1 -1 -1 
176 94 520 295 43 103 -1 -1 -1 -1 
177 39 373 74 66 308 -1 -1 -1 -1 
177 83 462 148 91 243 -1 -1 -1 -1 
177 94 521 295 43 102 -1 -1 -1 -1 
178 39 373 74 67 308 -1 -1 -1 -1 
178 83 463 148 90 243 -1 -1 -1 -1 
178 94 521 295 43 102 -1 -1 -1 -1 
179 39 372 75 69 306 -1 -1 -1 -1 
179 83 464 148 90 235 -1 -1 -1 -1 
179 94 520 293 44 104 -1 -1 -1 -1 
180 39 372 74 69 307 -1 -1 -1 -1 
180 83 465 148 90 232 -1 -1 -1 -1 
180 94 520 294 44 103 -1 -1 -1 -1 
181 39 373 74 67 307 -1 -1 -1 -1 
181 83 460 148 95 231 -1 -1 -1 -1 
181 94 520 294 45 103 -1 -1 -1 -1 
182 39 372 72 66 308 -1 -1 -1 -1 
182 83 462 148 92 217 -1 -1 -1 -1 
182 94 520 293 45 104 -1 -1 -1 -1 
183 39 346 71 102 291 -1 -1 -1 -1 
183 83 456 148 100 234 -1 -1 -1 -1 
183 94 522 294 42 103 -1 -1 -1 -1 
184 39 333 76 86 265 -1 -1 -1 -1 
184 83 454 150 106 247 -1 -1 -1 -1 
184 94 525 297 38 101 -1 -1 -1 -1 
185 39 302 72 102 285 -1 -1 -1 -1 
185 83 463 149 91 240 -1 -1 -1 -1 
185 94 518 292 45 106 -1 -1 -1 -1 
186 39 303 61 89 292 -1 -1 -1 -1 
186 83 460 147 92 251 -1 -1 -1 -1 
186 94 520 298 43 99 -1 -1 -1 -1 
187 39 306 64 85 264 -1 -1 -1 -1 
187 83 472 160 112 240 -1 -1 -1 -1 
187 94 520 298 43 99 -1 -1 -1 -1 
188 39 298 72 111 292 -1 -1 -1 -1 
188 83 472 160 112 240 -1 -1 -1 -1 
189 39 312 77 97 285 -1 -1 -1 -1 
189 83 469 147 94 241 -1 -1 -1 -1 
190 39 299 68 110 299 -1 -1 -1 -1 
190 83 465 145 96 252 -1 -1 -1 -1 
190 114 385 143 23 24 -1 -1 -1 -1 
190 115 378 143 30 29 -1 -1 -1 -1 
191 39 310 59 81 227 -1 -1 -1 -1 
191 83 470 158 108 233 -1 -1 -1 -1 
191 114 385 143 23 24 -1 -1 -1 -1 
191 115 378 143 30 29 -1 -1 -1 -1 
191 117 569 179 53 83 -1 -1 -1 -1 
192 39 294 56 78 246 -1 -1 -1 -1 
192 83 472 161 96 124 -1 -1 -1 -1 
192 117 574 177 55 63 -1 -1 -1 -1 
193 39 286 72 70 206 -1 -1 -1 -1 
193 83 463 162 105 241 -1 -1 -1 -1 
193 117 575 176 51 61 -1 -1 -1 -1 
194 39 269 84 82 198 -1 -1 -1 -1 
194 83 465 162 104 239 -1 -1 -1 -1 
194 117 573 175 54 68 -1 -1 -1 -1 
195 39 256 56 79 252 -1 -1 -1 -1 
195 83 469 162 99 238 -1 -1 -1 -1 
195 117 569 178 62 82 -1 -1 -1 -1 
196 39 252 51 57 269 -1 -1 -1 -1 
196 83 462 162 109 238 -1 -1 -1 -1 
196 117 575 178 50 66 -1 -1 -1 -1 
197 39 261 57 78 269 -1 -1 -1 -1 
197 83 462 162 109 240 -1 -1 -1 -1 
197 117 574 178 54 86 -1 -1 -1 -1 
198 39 271 50 73 295 -1 -1 -1 -1 
198 83 455 151 105 250 -1 -1 -1 -1 
198 94 519 295 49 103 -1 -1 -1 -1 
198 117 574 178 54 86 -1 -1 -1 -1 
199 39 271 50 73 295 -1 -1 -1 -1 
199 83 452 147 103 255 -1 -1 -1 -1 
199 94 520 299 50 97 -1 -1 -1 -1 
200 83 457 160 113 238 -1 -1 -1 -1 
200 94 520 299 50 97 -1 -1 -1 -1 
201 83 457 164 115 245 -1 -1 -1 -1 
201 124 345 95 90 294 -1 -1 -1 -1 
202 83 458 161 114 236 -1 -1 -1 -1 
202 124 343 97 104 292 -1 -1 -1 -1 
203 83 459 165 110 232 -1 -1 -1 -1 
203 124 350 87 104 300 -1 -1 -1 -1 
204 83 465 146 96 252 -1 -1 -1 -1 
204 124 355 87 99 299 -1 -1 -1 -1 
205 83 456 148 94 246 -1 -1 -1 -1 
205 94 520 295 48 101 -1 -1 -1 -1 
205 124 356 85 100 299 -1 -1 -1 -1 
206 83 458 147 95 253 -1 -1 -1 -1 
206 94 522 295 47 102 -1 -1 -1 -1 
206 124 355 84 99 300 -1 -1 -1 -1 
207 83 458 147 95 251 -1 -1 -1 -1 
207 94 522 296 42 101 -1 -1 -1 -1 
207 124 359 82 104 298 -1 -1 -1 -1 
208 83 458 147 94 248 -1 -1 -1 -1 
208 94 522 296 43 101 -1 -1 -1 -1 
208 124 356 82 94 301 -1 -1 -1 -1 
209 83 458 147 93 248 -1 -1 -1 -1 
209 94 522 296 44 101 -1 -1 -1 -1 
209 124 362 86 101 289 -1 -1 -1 -1 
210 83 456 146 95 245 -1 -1 -1 -1 
210 94 522 296 44 101 -1 -1 -1 -1 
210 124 359 81 98 301 -1 -1 -1 -1 
211 83 464 146 87 253 -1 -1 -1 -1 
211 94 522 293 43 105 -1 -1 -1 -1 
211 124 352 80 94 305 -1 -1 -1 -1 
212 83 462 146 89 249 -1 -1 -1 -1 
212 94 524 295 41 102 -1 -1 -1 -1 
212 124 350 93 86 290 -1 -1 -1 -1 
213 83 459 145 91 249 -1 -1 -1 -1 
213 94 522 296 43 101 -1 -1 -1 -1 
213 124 334 87 76 300 -1 -1 -1 -1 
214 83 458 145 91 250 -1 -1 -1 -1 
214 94 521 296 43 102 -1 -1 -1 -1 
214 124 304 73 103 303 -1 -1 -1 -1 
215 83 458 146 91 255 -1 -1 -1 -1 
215 94 521 298 43 100 -1 -1 -1 -1 
215 124 307 72 75 302 -1 -1 -1 -1 
216 83 461 147 95 251 -1 -1 -1 -1 
216 94 521 298 43 100 -1 -1 -1 -1 
216 124 328 88 83 285 -1 -1 -1 -1 
217 83 471 154 98 247 -1 -1 -1 -1 
217 124 343 90 80 280 -1 -1 -1 -1 
218 83 472 158 101 243 -1 -1 -1 -1 
218 124 352 86 81 281 -1 -1 -1 -1 
