3 1 600 120 39 310 -1 -1 -1 -1 
3 2 484 340 106 131 -1 -1 -1 -1 
4 1 593 127 46 298 -1 -1 -1 -1 
4 2 482 338 109 133 -1 -1 -1 -1 
5 1 593 127 46 298 -1 -1 -1 -1 
6 2 482 336 110 132 -1 -1 -1 -1 
7 2 484 339 106 129 -1 -1 -1 -1 
8 2 484 340 105 123 -1 -1 -1 -1 
9 2 483 340 105 118 -1 -1 -1 -1 
9 4 588 135 51 276 -1 -1 -1 -1 
10 2 482 339 104 108 -1 -1 -1 -1 
10 4 587 134 52 298 -1 -1 -1 -1 
11 2 483 340 103 103 -1 -1 -1 -1 
11 4 586 134 53 297 -1 -1 -1 -1 
12 2 483 338 105 105 -1 -1 -1 -1 
12 4 587 134 52 291 -1 -1 -1 -1 
13 2 482 338 106 106 -1 -1 -1 -1 
13 4 585 133 54 294 -1 -1 -1 -1 
14 2 482 338 105 105 -1 -1 -1 -1 
14 4 586 132 53 297 -1 -1 -1 -1 
15 2 482 339 105 111 -1 -1 -1 -1 
15 4 586 131 53 301 -1 -1 -1 -1 
16 2 481 338 108 122 -1 -1 -1 -1 
16 4 583 129 56 307 -1 -1 -1 -1 
17 2 482 339 107 116 -1 -1 -1 -1 
17 4 583 129 56 309 -1 -1 -1 -1 
18 2 483 339 107 116 -1 -1 -1 -1 
18 4 586 129 53 310 -1 -1 -1 -1 
19 2 483 339 105 114 -1 -1 -1 -1 
19 4 586 130 53 308 -1 -1 -1 -1 
20 2 483 339 105 115 -1 -1 -1 -1 
20 4 586 130 53 308 -1 -1 -1 -1 
21 2 482 339 105 105 -1 -1 -1 -1 
21 4 586 129 53 308 -1 -1 -1 -1 
22 2 482 339 106 111 -1 -1 -1 -1 
22 4 584 129 55 306 -1 -1 -1 -1 
23 2 482 339 104 102 -1 -1 -1 -1 
23 4 582 129 57 306 -1 -1 -1 -1 
24 2 483 338 103 111 -1 -1 -1 -1 
24 4 583 129 56 304 -1 -1 -1 -1 
25 2 483 338 104 113 -1 -1 -1 -1 
25 4 584 129 55 304 -1 -1 -1 -1 
26 2 483 338 104 115 -1 -1 -1 -1 
26 4 582 129 57 305 -1 -1 -1 -1 
27 2 483 339 106 111 -1 -1 -1 -1 
27 4 581 129 58 305 -1 -1 -1 -1 
28 2 483 339 106 113 -1 -1 -1 -1 
28 4 584 130 55 306 -1 -1 -1 -1 
29 2 483 338 103 106 -1 -1 -1 -1 
29 4 582 131 57 300 -1 -1 -1 -1 
30 2 483 338 104 109 -1 -1 -1 -1 
30 4 582 131 57 301 -1 -1 -1 -1 
31 2 483 337 105 115 -1 -1 -1 -1 
31 4 584 130 55 305 -1 -1 -1 -1 
32 2 482 339 105 105 -1 -1 -1 -1 
32 4 585 131 54 302 -1 -1 -1 -1 
33 2 482 339 106 108 -1 -1 -1 -1 
33 4 582 130 57 301 -1 -1 -1 -1 
