4 2 496 307 134 90 -1 -1 -1 -1 
5 2 494 307 133 91 -1 -1 -1 -1 
6 2 493 308 137 89 -1 -1 -1 -1 
6 4 423 145 105 232 -1 -1 -1 -1 
7 2 494 303 145 95 -1 -1 -1 -1 
7 4 423 144 100 234 -1 -1 -1 -1 
8 2 495 192 144 209 -1 -1 -1 -1 
8 4 433 145 106 236 -1 -1 -1 -1 
9 2 495 192 144 209 -1 -1 -1 -1 
10 4 445 151 114 229 -1 -1 -1 -1 
11 4 443 157 124 219 -1 -1 -1 -1 
12 4 443 157 124 219 -1 -1 -1 -1 
13 6 402 294 27 33 -1 -1 -1 -1 
14 6 402 294 27 33 -1 -1 -1 -1 
15 4 454 155 104 224 -1 -1 -1 -1 
16 4 447 156 113 230 -1 -1 -1 -1 
17 4 435 154 131 234 -1 -1 -1 -1 
18 4 423 118 146 274 -1 -1 -1 -1 
19 4 421 120 143 265 -1 -1 -1 -1 
20 4 422 138 141 243 -1 -1 -1 -1 
20 10 397 58 69 132 -1 -1 -1 -1 
21 4 423 108 139 277 -1 -1 -1 -1 
21 10 404 45 60 149 -1 -1 -1 -1 
22 4 425 108 140 277 -1 -1 -1 -1 
22 10 404 45 60 149 -1 -1 -1 -1 
23 4 425 98 141 293 -1 -1 -1 -1 
23 11 565 194 55 73 -1 -1 -1 -1 
24 4 428 108 140 279 -1 -1 -1 -1 
28 11 565 190 54 77 -1 -1 -1 -1 
36 12 415 94 46 40 -1 -1 -1 -1 
37 12 415 94 46 40 -1 -1 -1 -1 
38 13 564 180 64 90 -1 -1 -1 -1 
39 10 397 74 67 109 -1 -1 -1 -1 
40 10 398 75 67 108 -1 -1 -1 -1 
44 4 441 150 129 239 -1 -1 -1 -1 
44 15 581 131 58 167 -1 -1 -1 -1 
45 4 436 153 133 228 -1 -1 -1 -1 
46 4 449 158 109 220 -1 -1 -1 -1 
47 4 447 158 100 213 -1 -1 -1 -1 
48 4 442 148 99 232 -1 -1 -1 -1 
49 4 450 154 96 230 -1 -1 -1 -1 
50 4 447 158 119 248 -1 -1 -1 -1 
50 15 575 126 64 169 -1 -1 -1 -1 
51 4 451 159 121 236 -1 -1 -1 -1 
51 15 585 139 54 155 -1 -1 -1 -1 
52 4 451 159 121 236 -1 -1 -1 -1 
52 15 604 149 35 153 -1 -1 -1 -1 
52 18 473 154 97 117 -1 -1 -1 -1 
53 4 462 154 110 230 -1 -1 -1 -1 
53 15 605 138 34 171 -1 -1 -1 -1 
54 4 463 154 109 218 -1 -1 -1 -1 
54 15 603 141 36 169 -1 -1 -1 -1 
55 4 463 154 109 218 -1 -1 -1 -1 
55 15 597 137 34 88 -1 -1 -1 -1 
55 18 473 152 94 134 -1 -1 -1 -1 
56 15 604 137 35 151 -1 -1 -1 -1 
56 18 461 149 93 229 -1 -1 -1 -1 
57 15 604 137 35 151 -1 -1 -1 -1 
58 18 461 149 90 220 -1 -1 -1 -1 
62 23 594 128 45 114 -1 -1 -1 -1 
