56 2 391 62 100 412 -1 -1 -1 -1 
57 2 391 62 100 412 -1 -1 -1 -1 
60 4 198 85 100 388 -1 -1 -1 -1 
60 5 150 198 50 52 -1 -1 -1 -1 
61 4 198 85 100 388 -1 -1 -1 -1 
65 9 478 63 110 415 -1 -1 -1 -1 
66 9 535 71 97 403 -1 -1 -1 -1 
67 9 585 74 54 399 -1 -1 -1 -1 
68 9 589 65 50 414 -1 -1 -1 -1 
131 10 541 69 98 378 -1 -1 -1 -1 
132 10 476 75 143 364 -1 -1 -1 -1 
133 10 481 77 78 377 -1 -1 -1 -1 
134 10 481 77 78 377 -1 -1 -1 -1 
136 13 330 75 100 402 -1 -1 -1 -1 
137 13 280 72 132 405 -1 -1 -1 -1 
137 14 171 98 121 377 -1 -1 -1 -1 
138 13 267 76 116 402 -1 -1 -1 -1 
138 14 155 96 164 380 -1 -1 -1 -1 
139 13 206 77 179 399 -1 -1 -1 -1 
139 14 155 96 164 380 -1 -1 -1 -1 
140 13 208 76 231 401 -1 -1 -1 -1 
141 13 205 76 224 402 -1 -1 -1 -1 
141 16 446 73 121 398 -1 -1 -1 -1 
142 13 202 74 153 402 -1 -1 -1 -1 
142 16 520 77 114 388 -1 -1 -1 -1 
143 13 202 75 165 401 -1 -1 -1 -1 
144 13 211 74 157 400 -1 -1 -1 -1 
145 13 272 71 150 402 -1 -1 -1 -1 
146 13 272 71 150 402 -1 -1 -1 -1 
150 22 262 71 161 405 -1 -1 -1 -1 
151 22 265 73 156 403 -1 -1 -1 -1 
152 22 264 73 150 404 -1 -1 -1 -1 
152 23 357 239 65 99 -1 -1 -1 -1 
152 24 356 239 68 49 -1 -1 -1 -1 
153 22 264 73 153 404 -1 -1 -1 -1 
153 23 357 237 66 103 -1 -1 -1 -1 
153 24 354 237 72 51 -1 -1 -1 -1 
154 22 266 73 138 403 -1 -1 -1 -1 
154 23 358 236 65 101 -1 -1 -1 -1 
154 24 356 237 69 51 -1 -1 -1 -1 
155 22 267 73 134 404 -1 -1 -1 -1 
155 23 359 235 65 105 -1 -1 -1 -1 
155 24 357 236 69 52 -1 -1 -1 -1 
156 22 269 73 134 403 -1 -1 -1 -1 
156 23 360 234 68 78 -1 -1 -1 -1 
156 24 359 236 70 51 -1 -1 -1 -1 
157 22 271 72 133 404 -1 -1 -1 -1 
157 23 362 233 69 67 -1 -1 -1 -1 
157 24 360 235 72 52 -1 -1 -1 -1 
158 22 271 72 130 404 -1 -1 -1 -1 
158 23 361 232 68 69 -1 -1 -1 -1 
158 24 360 234 71 52 -1 -1 -1 -1 
159 22 269 73 132 403 -1 -1 -1 -1 
159 23 360 232 68 89 -1 -1 -1 -1 
159 24 359 235 72 52 -1 -1 -1 -1 
160 22 269 73 131 402 -1 -1 -1 -1 
160 23 357 232 70 95 -1 -1 -1 -1 
160 24 357 236 70 50 -1 -1 -1 -1 
161 22 269 73 132 403 -1 -1 -1 -1 
161 23 357 233 66 93 -1 -1 -1 -1 
161 24 356 237 71 48 -1 -1 -1 -1 
162 22 271 75 134 400 -1 -1 -1 -1 
162 23 357 229 69 90 -1 -1 -1 -1 
162 24 356 235 71 48 -1 -1 -1 -1 
163 22 273 75 147 399 -1 -1 -1 -1 
163 23 357 226 70 66 -1 -1 -1 -1 
163 24 356 230 72 50 -1 -1 -1 -1 
164 22 274 71 153 403 -1 -1 -1 -1 
164 23 358 226 70 69 -1 -1 -1 -1 
164 24 358 230 71 52 -1 -1 -1 -1 
165 22 274 73 146 401 -1 -1 -1 -1 
165 23 359 225 69 78 -1 -1 -1 -1 
165 24 359 231 71 52 -1 -1 -1 -1 
166 22 275 71 146 402 -1 -1 -1 -1 
166 23 360 225 70 74 -1 -1 -1 -1 
166 24 360 230 71 53 -1 -1 -1 -1 
167 22 275 71 144 403 -1 -1 -1 -1 
167 23 360 225 70 67 -1 -1 -1 -1 
167 24 360 230 71 53 -1 -1 -1 -1 
168 22 274 74 136 400 -1 -1 -1 -1 
168 23 359 225 70 72 -1 -1 -1 -1 
168 24 359 230 71 53 -1 -1 -1 -1 
169 22 274 74 142 401 -1 -1 -1 -1 
169 23 359 225 70 66 -1 -1 -1 -1 
169 24 358 229 72 53 -1 -1 -1 -1 
170 22 274 74 155 400 -1 -1 -1 -1 
170 23 359 225 70 66 -1 -1 -1 -1 
170 24 359 230 71 52 -1 -1 -1 -1 
171 22 274 74 154 400 -1 -1 -1 -1 
171 23 359 225 70 65 -1 -1 -1 -1 
171 24 359 229 71 53 -1 -1 -1 -1 
172 22 278 69 155 406 -1 -1 -1 -1 
172 23 364 218 69 67 -1 -1 -1 -1 
172 24 365 220 66 55 -1 -1 -1 -1 
173 22 327 68 148 409 -1 -1 -1 -1 
174 22 259 67 228 407 -1 -1 -1 -1 
175 22 257 67 239 409 -1 -1 -1 -1 
176 22 287 69 223 407 -1 -1 -1 -1 
176 28 243 156 71 61 -1 -1 -1 -1 
177 22 287 69 223 407 -1 -1 -1 -1 
177 28 247 155 72 61 -1 -1 -1 -1 
178 22 292 70 218 407 -1 -1 -1 -1 
178 28 248 152 72 59 -1 -1 -1 -1 
179 22 293 70 217 407 -1 -1 -1 -1 
179 28 248 154 72 58 -1 -1 -1 -1 
180 22 292 70 215 407 -1 -1 -1 -1 
180 28 248 153 73 58 -1 -1 -1 -1 
181 22 291 70 214 407 -1 -1 -1 -1 
181 28 248 153 72 58 -1 -1 -1 -1 
182 22 289 70 215 407 -1 -1 -1 -1 
182 28 252 156 69 60 -1 -1 -1 -1 
183 22 346 70 152 409 -1 -1 -1 -1 
184 22 379 71 87 403 -1 -1 -1 -1 
185 22 370 72 91 404 -1 -1 -1 -1 
186 22 362 75 96 400 -1 -1 -1 -1 
187 22 363 75 97 401 -1 -1 -1 -1 
188 22 354 75 104 401 -1 -1 -1 -1 
189 22 364 74 95 402 -1 -1 -1 -1 
190 22 362 74 97 402 -1 -1 -1 -1 
191 22 365 74 95 402 -1 -1 -1 -1 
192 22 353 73 103 403 -1 -1 -1 -1 
193 22 349 70 111 405 -1 -1 -1 -1 
194 22 359 70 113 404 -1 -1 -1 -1 
195 22 359 70 113 404 -1 -1 -1 -1 
197 33 513 64 126 410 -1 -1 -1 -1 
198 33 501 67 138 412 -1 -1 -1 -1 
199 33 455 74 139 399 -1 -1 -1 -1 
200 33 484 79 126 369 -1 -1 -1 -1 
201 33 505 81 91 354 -1 -1 -1 -1 
202 33 504 80 99 330 -1 -1 -1 -1 
203 33 504 80 99 330 -1 -1 -1 -1 
205 34 412 154 66 237 -1 -1 -1 -1 
206 34 394 115 86 270 -1 -1 -1 -1 
207 34 410 99 115 295 -1 -1 -1 -1 
208 34 434 87 133 307 -1 -1 -1 -1 
209 34 437 87 131 308 -1 -1 -1 -1 
210 34 437 87 131 308 -1 -1 -1 -1 
210 35 540 248 27 28 -1 -1 -1 -1 
211 34 437 86 131 308 -1 -1 -1 -1 
211 35 540 247 27 27 -1 -1 -1 -1 
212 34 440 85 134 310 -1 -1 -1 -1 
212 35 540 247 27 27 -1 -1 -1 -1 
213 34 439 85 116 309 -1 -1 -1 -1 
214 34 453 84 83 316 -1 -1 -1 -1 
215 34 475 87 76 316 -1 -1 -1 -1 
216 34 484 82 104 323 -1 -1 -1 -1 
217 34 517 80 97 337 -1 -1 -1 -1 
218 34 517 84 99 331 -1 -1 -1 -1 
219 34 516 83 90 334 -1 -1 -1 -1 
220 34 517 83 70 335 -1 -1 -1 -1 
221 34 512 83 83 336 -1 -1 -1 -1 
222 34 513 83 100 337 -1 -1 -1 -1 
223 34 513 82 104 337 -1 -1 -1 -1 
224 34 513 81 76 339 -1 -1 -1 -1 
225 34 514 82 69 339 -1 -1 -1 -1 
226 34 515 82 64 339 -1 -1 -1 -1 
227 34 514 81 65 340 -1 -1 -1 -1 
228 34 515 80 66 341 -1 -1 -1 -1 
229 34 515 81 63 340 -1 -1 -1 -1 
230 34 515 81 64 340 -1 -1 -1 -1 
231 34 515 82 64 339 -1 -1 -1 -1 
232 34 515 84 90 332 -1 -1 -1 -1 
233 34 520 87 84 310 -1 -1 -1 -1 
234 34 482 84 115 323 -1 -1 -1 -1 
235 34 482 84 115 323 -1 -1 -1 -1 
237 44 402 153 82 210 -1 -1 -1 -1 
238 44 357 106 100 271 -1 -1 -1 -1 
239 44 349 91 92 312 -1 -1 -1 -1 
240 44 347 89 107 313 -1 -1 -1 -1 
241 44 347 89 107 313 -1 -1 -1 -1 
243 45 428 84 62 332 -1 -1 -1 -1 
244 45 428 85 64 331 -1 -1 -1 -1 
245 45 427 87 65 329 -1 -1 -1 -1 
246 45 426 91 66 324 -1 -1 -1 -1 
247 45 429 84 94 331 -1 -1 -1 -1 
248 45 430 83 66 332 -1 -1 -1 -1 
249 45 431 83 60 333 -1 -1 -1 -1 
250 45 396 91 95 298 -1 -1 -1 -1 
251 45 358 92 98 291 -1 -1 -1 -1 
252 45 374 89 69 292 -1 -1 -1 -1 
253 45 382 91 77 309 -1 -1 -1 -1 
254 45 382 91 77 309 -1 -1 -1 -1 
256 46 448 74 88 398 -1 -1 -1 -1 
257 46 448 74 88 398 -1 -1 -1 -1 
259 47 290 89 94 370 -1 -1 -1 -1 
260 47 288 90 80 367 -1 -1 -1 -1 
261 47 284 91 83 366 -1 -1 -1 -1 
262 47 274 92 93 364 -1 -1 -1 -1 
