3 1 0 337 26 122 -1 -1 -1 -1 
3 2 596 111 43 319 -1 -1 -1 -1 
4 1 0 337 26 122 -1 -1 -1 -1 
4 2 596 111 43 319 -1 -1 -1 -1 
5 1 0 337 25 122 -1 -1 -1 -1 
5 2 596 113 43 316 -1 -1 -1 -1 
6 1 0 337 26 122 -1 -1 -1 -1 
6 2 595 111 44 319 -1 -1 -1 -1 
7 1 0 338 26 121 -1 -1 -1 -1 
7 2 596 111 43 320 -1 -1 -1 -1 
8 1 0 338 26 121 -1 -1 -1 -1 
8 2 596 113 43 317 -1 -1 -1 -1 
9 1 0 338 25 120 -1 -1 -1 -1 
9 2 596 113 43 316 -1 -1 -1 -1 
10 1 0 338 25 120 -1 -1 -1 -1 
10 2 597 114 42 312 -1 -1 -1 -1 
11 1 0 337 26 122 -1 -1 -1 -1 
11 2 597 112 42 317 -1 -1 -1 -1 
12 1 0 338 25 121 -1 -1 -1 -1 
12 2 596 115 43 312 -1 -1 -1 -1 
13 1 0 338 26 121 -1 -1 -1 -1 
13 2 596 117 43 307 -1 -1 -1 -1 
14 1 0 337 26 122 -1 -1 -1 -1 
14 2 597 119 42 306 -1 -1 -1 -1 
15 1 0 337 26 122 -1 -1 -1 -1 
15 2 597 119 42 306 -1 -1 -1 -1 
16 1 0 344 25 116 -1 -1 -1 -1 
16 2 597 120 42 302 -1 -1 -1 -1 
17 1 0 340 26 120 -1 -1 -1 -1 
17 2 598 119 41 305 -1 -1 -1 -1 
18 1 0 339 26 120 -1 -1 -1 -1 
18 2 597 120 42 304 -1 -1 -1 -1 
19 1 0 338 26 121 -1 -1 -1 -1 
19 2 596 119 43 306 -1 -1 -1 -1 
20 1 0 339 25 119 -1 -1 -1 -1 
20 2 590 112 49 323 -1 -1 -1 -1 
21 1 0 338 25 121 -1 -1 -1 -1 
21 2 596 108 43 322 -1 -1 -1 -1 
22 1 0 338 25 120 -1 -1 -1 -1 
22 2 597 110 42 302 -1 -1 -1 -1 
23 1 0 338 25 120 -1 -1 -1 -1 
23 2 596 106 43 332 -1 -1 -1 -1 
24 1 0 338 25 120 -1 -1 -1 -1 
25 1 0 339 26 120 -1 -1 -1 -1 
26 1 0 338 25 121 -1 -1 -1 -1 
26 2 597 116 42 304 -1 -1 -1 -1 
27 1 0 338 25 121 -1 -1 -1 -1 
27 2 597 118 42 290 -1 -1 -1 -1 
28 1 0 338 25 121 -1 -1 -1 -1 
28 2 586 118 53 287 -1 -1 -1 -1 
29 1 0 339 25 120 -1 -1 -1 -1 
29 2 593 121 46 276 -1 -1 -1 -1 
30 1 0 338 25 121 -1 -1 -1 -1 
30 2 592 120 47 282 -1 -1 -1 -1 
31 1 0 338 25 121 -1 -1 -1 -1 
31 2 594 120 45 283 -1 -1 -1 -1 
32 1 0 338 25 121 -1 -1 -1 -1 
32 2 594 120 45 283 -1 -1 -1 -1 
33 1 0 337 25 122 -1 -1 -1 -1 
33 2 593 121 46 281 -1 -1 -1 -1 
34 1 0 337 26 122 -1 -1 -1 -1 
34 2 593 121 46 282 -1 -1 -1 -1 
35 1 0 337 26 122 -1 -1 -1 -1 
35 2 593 121 46 276 -1 -1 -1 -1 
36 1 0 339 26 120 -1 -1 -1 -1 
36 2 593 121 46 284 -1 -1 -1 -1 
37 1 0 338 26 121 -1 -1 -1 -1 
37 2 592 121 47 286 -1 -1 -1 -1 
38 1 0 339 26 120 -1 -1 -1 -1 
38 2 593 120 46 285 -1 -1 -1 -1 
39 1 0 338 26 121 -1 -1 -1 -1 
