3 1 578 130 61 288 -1 -1 -1 -1 
3 2 489 377 97 102 -1 -1 -1 -1 
4 1 577 119 62 314 -1 -1 -1 -1 
5 1 577 128 62 289 -1 -1 -1 -1 
5 2 484 339 106 117 -1 -1 -1 -1 
6 1 577 121 62 309 -1 -1 -1 -1 
6 2 484 340 105 113 -1 -1 -1 -1 
7 1 576 124 63 308 -1 -1 -1 -1 
7 2 484 339 106 115 -1 -1 -1 -1 
8 1 575 126 64 302 -1 -1 -1 -1 
8 2 484 339 105 113 -1 -1 -1 -1 
9 1 572 125 67 302 -1 -1 -1 -1 
9 2 484 340 105 107 -1 -1 -1 -1 
10 1 583 126 56 307 -1 -1 -1 -1 
10 2 483 339 106 113 -1 -1 -1 -1 
10 5 493 417 81 61 -1 -1 -1 -1 
11 1 584 126 55 311 -1 -1 -1 -1 
11 2 484 340 106 122 -1 -1 -1 -1 
12 1 586 126 53 313 -1 -1 -1 -1 
12 2 484 340 107 127 -1 -1 -1 -1 
13 1 586 128 53 295 -1 -1 -1 -1 
13 2 484 339 105 115 -1 -1 -1 -1 
13 5 493 416 80 62 -1 -1 -1 -1 
14 1 585 127 54 298 -1 -1 -1 -1 
14 2 484 340 104 105 -1 -1 -1 -1 
14 5 493 416 81 62 -1 -1 -1 -1 
15 1 583 127 56 305 -1 -1 -1 -1 
15 2 483 339 107 112 -1 -1 -1 -1 
15 5 493 415 87 63 -1 -1 -1 -1 
16 1 584 128 55 305 -1 -1 -1 -1 
16 2 483 341 108 120 -1 -1 -1 -1 
17 1 584 128 55 303 -1 -1 -1 -1 
17 2 483 340 108 120 -1 -1 -1 -1 
18 1 584 130 55 294 -1 -1 -1 -1 
18 2 483 339 106 117 -1 -1 -1 -1 
19 1 584 129 55 296 -1 -1 -1 -1 
19 2 483 339 107 122 -1 -1 -1 -1 
20 1 584 129 55 296 -1 -1 -1 -1 
20 2 483 340 106 115 -1 -1 -1 -1 
21 1 582 126 57 310 -1 -1 -1 -1 
21 2 482 339 106 114 -1 -1 -1 -1 
22 1 581 116 58 321 -1 -1 -1 -1 
22 2 482 340 107 114 -1 -1 -1 -1 
23 1 578 118 61 297 -1 -1 -1 -1 
24 1 579 122 60 324 -1 -1 -1 -1 
24 2 483 339 106 118 -1 -1 -1 -1 
25 1 580 125 59 295 -1 -1 -1 -1 
25 2 483 339 105 115 -1 -1 -1 -1 
25 5 494 417 78 61 -1 -1 -1 -1 
26 1 580 126 59 302 -1 -1 -1 -1 
26 2 483 339 104 110 -1 -1 -1 -1 
26 5 493 416 80 62 -1 -1 -1 -1 
27 1 581 124 58 314 -1 -1 -1 -1 
27 2 483 339 106 117 -1 -1 -1 -1 
28 1 581 125 58 326 -1 -1 -1 -1 
28 2 483 339 106 120 -1 -1 -1 -1 
29 1 581 126 58 309 -1 -1 -1 -1 
29 2 483 340 106 121 -1 -1 -1 -1 
29 5 493 416 83 62 -1 -1 -1 -1 
30 1 581 129 58 298 -1 -1 -1 -1 
30 2 484 343 104 114 -1 -1 -1 -1 
30 5 493 416 79 62 -1 -1 -1 -1 
31 1 578 134 61 296 -1 -1 -1 -1 
31 2 489 368 95 111 -1 -1 -1 -1 
31 5 493 416 79 62 -1 -1 -1 -1 
32 1 577 134 62 288 -1 -1 -1 -1 
32 2 483 341 105 108 -1 -1 -1 -1 
32 5 493 416 81 62 -1 -1 -1 -1 
32 6 1 336 13 62 -1 -1 -1 -1 
33 1 577 135 62 286 -1 -1 -1 -1 
33 2 483 340 105 109 -1 -1 -1 -1 
33 5 493 417 82 61 -1 -1 -1 -1 
33 6 1 337 13 62 -1 -1 -1 -1 
34 1 577 135 62 288 -1 -1 -1 -1 
34 2 483 340 106 108 -1 -1 -1 -1 
34 5 493 417 81 61 -1 -1 -1 -1 
34 6 1 337 13 62 -1 -1 -1 -1 
35 1 577 134 62 289 -1 -1 -1 -1 
35 2 483 339 107 114 -1 -1 -1 -1 
35 5 493 416 87 62 -1 -1 -1 -1 
36 1 576 132 63 294 -1 -1 -1 -1 
36 2 483 339 107 113 -1 -1 -1 -1 
36 5 493 416 85 62 -1 -1 -1 -1 
37 1 577 133 62 288 -1 -1 -1 -1 
37 2 483 338 106 114 -1 -1 -1 -1 
37 5 493 416 84 62 -1 -1 -1 -1 
38 1 578 133 61 296 -1 -1 -1 -1 
38 2 483 340 106 114 -1 -1 -1 -1 
38 5 493 417 79 61 -1 -1 -1 -1 
39 1 578 130 61 293 -1 -1 -1 -1 
39 2 483 340 106 114 -1 -1 -1 -1 
39 5 493 417 79 61 -1 -1 -1 -1 
40 1 580 125 59 302 -1 -1 -1 -1 
40 2 483 339 106 115 -1 -1 -1 -1 
41 1 579 122 60 314 -1 -1 -1 -1 
41 2 483 340 105 116 -1 -1 -1 -1 
41 5 494 417 81 61 -1 -1 -1 -1 
42 1 581 124 58 308 -1 -1 -1 -1 
42 2 483 340 104 114 -1 -1 -1 -1 
42 5 494 417 81 61 -1 -1 -1 -1 
43 1 580 118 59 316 -1 -1 -1 -1 
43 2 483 339 107 129 -1 -1 -1 -1 
44 1 581 119 58 320 -1 -1 -1 -1 
44 2 483 338 107 129 -1 -1 -1 -1 
45 1 579 117 60 323 -1 -1 -1 -1 
45 2 484 347 105 111 -1 -1 -1 -1 
45 5 493 415 85 63 -1 -1 -1 -1 
46 1 581 114 58 329 -1 -1 -1 -1 
46 2 484 346 106 114 -1 -1 -1 -1 
46 5 493 415 84 63 -1 -1 -1 -1 
47 1 583 119 56 316 -1 -1 -1 -1 
47 2 483 340 107 122 -1 -1 -1 -1 
48 1 583 119 56 319 -1 -1 -1 -1 
48 2 483 340 106 122 -1 -1 -1 -1 
49 1 582 116 57 325 -1 -1 -1 -1 
49 2 482 340 108 125 -1 -1 -1 -1 
50 1 580 118 59 320 -1 -1 -1 -1 
50 2 482 340 109 127 -1 -1 -1 -1 
51 1 579 122 60 314 -1 -1 -1 -1 
51 2 483 340 107 124 -1 -1 -1 -1 
52 1 580 123 59 314 -1 -1 -1 -1 
52 2 484 340 105 110 -1 -1 -1 -1 
52 5 494 416 82 63 -1 -1 -1 -1 
53 1 580 127 59 328 -1 -1 -1 -1 
53 2 483 340 106 109 -1 -1 -1 -1 
53 5 493 416 84 63 -1 -1 -1 -1 
54 1 580 129 59 299 -1 -1 -1 -1 
54 2 483 339 106 115 -1 -1 -1 -1 
54 5 494 418 80 61 -1 -1 -1 -1 
55 1 581 132 58 294 -1 -1 -1 -1 
55 2 483 339 106 115 -1 -1 -1 -1 
55 5 493 418 82 61 -1 -1 -1 -1 
56 1 581 133 58 292 -1 -1 -1 -1 
56 2 483 339 107 120 -1 -1 -1 -1 
56 5 493 417 82 62 -1 -1 -1 -1 
57 1 580 132 59 297 -1 -1 -1 -1 
57 2 482 339 108 121 -1 -1 -1 -1 
58 1 581 133 58 294 -1 -1 -1 -1 
58 2 482 340 109 125 -1 -1 -1 -1 
59 1 580 135 59 291 -1 -1 -1 -1 
59 2 483 339 107 121 -1 -1 -1 -1 
59 5 494 417 81 61 -1 -1 -1 -1 
60 1 580 136 59 287 -1 -1 -1 -1 
60 2 483 339 108 124 -1 -1 -1 -1 
60 5 494 417 80 61 -1 -1 -1 -1 
61 1 580 136 59 289 -1 -1 -1 -1 
61 2 483 339 108 124 -1 -1 -1 -1 
61 5 494 417 80 61 -1 -1 -1 -1 
62 1 580 133 59 292 -1 -1 -1 -1 
62 2 483 340 106 108 -1 -1 -1 -1 
62 5 494 417 84 62 -1 -1 -1 -1 
63 1 569 133 70 283 -1 -1 -1 -1 
63 2 483 340 106 111 -1 -1 -1 -1 
63 5 494 417 82 62 -1 -1 -1 -1 
64 1 572 133 67 320 -1 -1 -1 -1 
64 2 483 340 106 118 -1 -1 -1 -1 
64 5 492 415 86 63 -1 -1 -1 -1 
65 1 572 137 67 296 -1 -1 -1 -1 
65 2 484 343 103 101 -1 -1 -1 -1 
65 5 493 414 82 64 -1 -1 -1 -1 
66 1 571 146 68 247 -1 -1 -1 -1 
66 2 484 344 104 118 -1 -1 -1 -1 
66 5 493 417 82 61 -1 -1 -1 -1 
67 1 572 155 67 243 -1 -1 -1 -1 
67 2 484 342 104 115 -1 -1 -1 -1 
67 5 494 417 82 61 -1 -1 -1 -1 
68 1 571 156 68 248 -1 -1 -1 -1 
68 2 484 342 105 116 -1 -1 -1 -1 
68 5 494 417 81 61 -1 -1 -1 -1 
69 1 573 155 66 277 -1 -1 -1 -1 
69 2 483 339 105 110 -1 -1 -1 -1 
69 5 494 416 85 62 -1 -1 -1 -1 
70 1 572 155 67 276 -1 -1 -1 -1 
70 2 483 338 106 113 -1 -1 -1 -1 
70 5 494 416 83 62 -1 -1 -1 -1 
71 1 571 155 68 247 -1 -1 -1 -1 
71 2 483 339 106 118 -1 -1 -1 -1 
72 1 571 155 68 242 -1 -1 -1 -1 
72 2 483 338 105 117 -1 -1 -1 -1 
73 1 571 155 68 236 -1 -1 -1 -1 
73 2 483 339 105 113 -1 -1 -1 -1 
74 1 571 155 68 238 -1 -1 -1 -1 
74 2 483 340 107 120 -1 -1 -1 -1 
74 5 494 416 80 62 -1 -1 -1 -1 
75 1 571 154 68 238 -1 -1 -1 -1 
75 2 483 339 105 115 -1 -1 -1 -1 
76 1 571 155 68 239 -1 -1 -1 -1 
76 2 483 339 106 119 -1 -1 -1 -1 
76 5 494 416 80 62 -1 -1 -1 -1 
77 1 572 155 67 230 -1 -1 -1 -1 
77 2 483 340 106 120 -1 -1 -1 -1 
77 5 494 417 83 61 -1 -1 -1 -1 
78 1 572 154 67 243 -1 -1 -1 -1 
78 2 483 340 106 112 -1 -1 -1 -1 
78 5 493 416 84 62 -1 -1 -1 -1 
79 1 574 154 65 218 -1 -1 -1 -1 
79 2 484 342 103 114 -1 -1 -1 -1 
79 5 494 417 81 61 -1 -1 -1 -1 
80 1 570 152 69 245 -1 -1 -1 -1 
80 2 484 345 102 105 -1 -1 -1 -1 
80 5 493 417 82 61 -1 -1 -1 -1 
81 1 573 121 66 317 -1 -1 -1 -1 
81 2 487 366 100 112 -1 -1 -1 -1 
82 1 586 120 53 304 -1 -1 -1 -1 
82 2 489 375 98 103 -1 -1 -1 -1 
83 1 583 117 56 305 -1 -1 -1 -1 
83 2 483 342 105 126 -1 -1 -1 -1 
84 1 585 94 54 350 -1 -1 -1 -1 
84 2 487 352 104 127 -1 -1 -1 -1 
85 1 585 111 54 326 -1 -1 -1 -1 
85 2 484 341 106 122 -1 -1 -1 -1 
86 1 585 115 54 315 -1 -1 -1 -1 
86 2 483 340 104 113 -1 -1 -1 -1 
86 5 493 416 80 62 -1 -1 -1 -1 
87 1 584 115 55 313 -1 -1 -1 -1 
87 2 483 340 104 114 -1 -1 -1 -1 
88 1 584 117 55 310 -1 -1 -1 -1 
88 2 483 340 104 114 -1 -1 -1 -1 
88 5 493 416 80 62 -1 -1 -1 -1 
89 1 586 118 53 312 -1 -1 -1 -1 
89 2 483 340 106 111 -1 -1 -1 -1 
90 1 585 118 54 314 -1 -1 -1 -1 
90 2 483 340 106 114 -1 -1 -1 -1 
90 5 493 417 83 61 -1 -1 -1 -1 
91 1 585 118 54 312 -1 -1 -1 -1 
91 2 482 340 107 113 -1 -1 -1 -1 
91 5 493 417 83 61 -1 -1 -1 -1 
92 1 587 121 52 308 -1 -1 -1 -1 
92 2 484 343 104 113 -1 -1 -1 -1 
92 5 493 416 83 62 -1 -1 -1 -1 
93 1 585 119 54 310 -1 -1 -1 -1 
93 2 484 341 104 117 -1 -1 -1 -1 
93 5 493 416 84 62 -1 -1 -1 -1 
94 1 584 115 55 315 -1 -1 -1 -1 
94 2 484 341 103 111 -1 -1 -1 -1 
94 5 493 416 81 62 -1 -1 -1 -1 
95 1 586 115 53 316 -1 -1 -1 -1 
95 2 483 340 105 116 -1 -1 -1 -1 
95 5 493 417 85 61 -1 -1 -1 -1 
96 1 585 115 54 317 -1 -1 -1 -1 
96 2 483 340 105 111 -1 -1 -1 -1 
96 5 493 417 83 61 -1 -1 -1 -1 
97 1 584 114 55 316 -1 -1 -1 -1 
97 2 484 341 104 114 -1 -1 -1 -1 
97 5 493 415 83 63 -1 -1 -1 -1 
98 1 586 111 53 322 -1 -1 -1 -1 
98 2 484 341 105 114 -1 -1 -1 -1 
98 5 493 415 83 63 -1 -1 -1 -1 
99 1 588 107 51 327 -1 -1 -1 -1 
99 2 484 340 105 116 -1 -1 -1 -1 
99 5 493 415 84 63 -1 -1 -1 -1 
100 1 586 115 53 315 -1 -1 -1 -1 
100 2 487 363 101 115 -1 -1 -1 -1 
101 1 586 113 53 316 -1 -1 -1 -1 
101 2 487 361 100 118 -1 -1 -1 -1 
102 1 588 114 51 317 -1 -1 -1 -1 
102 2 484 347 104 110 -1 -1 -1 -1 
102 5 492 415 86 63 -1 -1 -1 -1 
103 1 586 109 53 324 -1 -1 -1 -1 
103 2 483 342 105 116 -1 -1 -1 -1 
104 1 587 114 52 313 -1 -1 -1 -1 
104 2 484 345 103 114 -1 -1 -1 -1 
104 5 493 416 81 62 -1 -1 -1 -1 
105 1 587 114 52 313 -1 -1 -1 -1 
106 1 592 98 47 343 -1 -1 -1 -1 
106 2 484 340 106 132 -1 -1 -1 -1 
106 5 492 416 74 62 -1 -1 -1 -1 
107 1 591 101 48 339 -1 -1 -1 -1 
107 2 487 358 100 121 -1 -1 -1 -1 
107 5 492 416 74 62 -1 -1 -1 -1 
108 1 594 119 45 307 -1 -1 -1 -1 
108 2 487 354 101 125 -1 -1 -1 -1 
