3 1 473 148 97 247 -1 -1 -1 -1 
4 1 473 151 96 243 -1 -1 -1 -1 
5 1 472 153 98 243 -1 -1 -1 -1 
6 1 473 153 96 239 -1 -1 -1 -1 
7 1 471 153 98 239 -1 -1 -1 -1 
8 1 474 155 93 129 -1 -1 -1 -1 
9 1 469 150 99 245 -1 -1 -1 -1 
10 1 468 151 101 244 -1 -1 -1 -1 
12 1 463 148 98 250 -1 -1 -1 -1 
13 1 460 149 96 245 -1 -1 -1 -1 
14 1 470 154 97 238 -1 -1 -1 -1 
15 1 473 160 107 237 -1 -1 -1 -1 
16 1 473 160 107 237 -1 -1 -1 -1 
17 2 575 173 63 78 -1 -1 -1 -1 
18 2 580 176 58 86 -1 -1 -1 -1 
19 2 575 172 46 69 -1 -1 -1 -1 
19 3 457 149 100 250 -1 -1 -1 -1 
20 2 569 167 61 84 -1 -1 -1 -1 
20 3 460 147 94 255 -1 -1 -1 -1 
21 2 569 165 53 80 -1 -1 -1 -1 
21 3 461 150 93 251 -1 -1 -1 -1 
22 2 570 166 55 77 -1 -1 -1 -1 
22 3 465 151 86 235 -1 -1 -1 -1 
23 2 568 168 57 83 -1 -1 -1 -1 
23 3 447 149 105 230 -1 -1 -1 -1 
24 2 569 169 56 76 -1 -1 -1 -1 
24 3 447 147 102 247 -1 -1 -1 -1 
25 2 568 168 54 74 -1 -1 -1 -1 
25 3 468 148 82 226 -1 -1 -1 -1 
26 2 568 168 57 72 -1 -1 -1 -1 
26 3 456 148 95 238 -1 -1 -1 -1 
27 2 568 169 55 73 -1 -1 -1 -1 
27 3 465 150 89 240 -1 -1 -1 -1 
28 1 473 160 99 233 -1 -1 -1 -1 
28 2 567 175 62 86 -1 -1 -1 -1 
29 1 475 158 101 240 -1 -1 -1 -1 
30 1 477 164 97 226 -1 -1 -1 -1 
31 1 477 160 96 235 -1 -1 -1 -1 
32 1 477 163 97 232 -1 -1 -1 -1 
33 1 473 163 102 239 -1 -1 -1 -1 
34 1 477 164 97 235 -1 -1 -1 -1 
35 1 476 163 97 236 -1 -1 -1 -1 
36 1 476 164 98 216 -1 -1 -1 -1 
37 1 476 162 97 229 -1 -1 -1 -1 
38 1 476 162 97 215 -1 -1 -1 -1 
39 1 476 165 97 150 -1 -1 -1 -1 
40 1 475 165 97 212 -1 -1 -1 -1 
41 1 475 165 96 220 -1 -1 -1 -1 
42 1 475 165 96 186 -1 -1 -1 -1 
43 1 475 166 97 136 -1 -1 -1 -1 
44 1 474 166 99 151 -1 -1 -1 -1 
45 1 474 166 98 139 -1 -1 -1 -1 
46 1 474 166 98 139 -1 -1 -1 -1 
46 3 475 166 99 221 -1 -1 -1 -1 
47 3 475 166 99 198 -1 -1 -1 -1 
48 3 475 167 99 185 -1 -1 -1 -1 
49 1 476 167 97 127 -1 -1 -1 -1 
50 1 476 166 97 135 -1 -1 -1 -1 
51 1 476 167 96 127 -1 -1 -1 -1 
52 1 476 166 97 138 -1 -1 -1 -1 
53 1 476 167 97 120 -1 -1 -1 -1 
54 1 476 168 97 119 -1 -1 -1 -1 
55 1 476 167 96 119 -1 -1 -1 -1 
55 7 590 200 49 175 -1 -1 -1 -1 
56 1 476 166 96 123 -1 -1 -1 -1 
57 1 476 166 96 121 -1 -1 -1 -1 
58 1 476 167 96 120 -1 -1 -1 -1 
59 1 475 168 98 120 -1 -1 -1 -1 
60 1 475 168 98 120 -1 -1 -1 -1 
60 3 472 166 102 234 -1 -1 -1 -1 
61 3 474 166 99 236 -1 -1 -1 -1 
62 3 474 166 95 233 -1 -1 -1 -1 
63 3 474 167 93 233 -1 -1 -1 -1 
64 3 469 156 91 238 -1 -1 -1 -1 
65 3 460 140 89 246 -1 -1 -1 -1 
65 10 560 167 62 96 -1 -1 -1 -1 
66 3 466 147 93 235 -1 -1 -1 -1 
66 10 560 167 56 88 -1 -1 -1 -1 
67 1 472 160 99 124 -1 -1 -1 -1 
67 3 466 147 93 235 -1 -1 -1 -1 
69 3 463 141 89 244 -1 -1 -1 -1 
70 3 462 141 90 242 -1 -1 -1 -1 
71 3 464 145 85 150 -1 -1 -1 -1 
72 3 461 144 92 232 -1 -1 -1 -1 
73 3 462 144 91 245 -1 -1 -1 -1 
74 3 462 143 89 237 -1 -1 -1 -1 
75 3 460 140 90 236 -1 -1 -1 -1 
76 3 461 141 91 245 -1 -1 -1 -1 
77 3 461 141 89 244 -1 -1 -1 -1 
78 3 460 141 90 253 -1 -1 -1 -1 
79 3 460 139 86 252 -1 -1 -1 -1 
80 3 458 142 92 250 -1 -1 -1 -1 
81 3 458 147 93 241 -1 -1 -1 -1 
82 3 458 147 94 246 -1 -1 -1 -1 
83 3 458 147 97 248 -1 -1 -1 -1 
84 3 457 147 97 249 -1 -1 -1 -1 
85 3 458 147 96 247 -1 -1 -1 -1 
86 3 458 148 94 246 -1 -1 -1 -1 
87 3 462 148 93 249 -1 -1 -1 -1 
88 3 459 147 93 244 -1 -1 -1 -1 
89 3 459 146 93 250 -1 -1 -1 -1 
90 3 458 146 94 245 -1 -1 -1 -1 
91 3 458 147 94 242 -1 -1 -1 -1 
91 15 593 157 46 219 -1 -1 -1 -1 
92 3 459 148 94 245 -1 -1 -1 -1 
92 15 593 167 46 212 -1 -1 -1 -1 
93 3 459 146 95 246 -1 -1 -1 -1 
93 15 594 154 45 222 -1 -1 -1 -1 
94 3 459 145 95 250 -1 -1 -1 -1 
95 3 458 147 95 247 -1 -1 -1 -1 
96 3 459 146 92 246 -1 -1 -1 -1 
97 3 460 147 92 249 -1 -1 -1 -1 
98 3 459 146 93 251 -1 -1 -1 -1 
99 3 460 144 93 251 -1 -1 -1 -1 
100 3 457 147 97 248 -1 -1 -1 -1 
101 3 459 147 91 249 -1 -1 -1 -1 
102 3 461 147 93 248 -1 -1 -1 -1 
103 3 460 148 90 246 -1 -1 -1 -1 
104 3 456 147 94 247 -1 -1 -1 -1 
105 3 454 146 97 250 -1 -1 -1 -1 
106 3 454 146 100 252 -1 -1 -1 -1 
106 19 562 167 53 94 -1 -1 -1 -1 
107 3 458 146 96 249 -1 -1 -1 -1 
108 3 457 145 95 249 -1 -1 -1 -1 
108 15 586 194 53 177 -1 -1 -1 -1 
109 3 457 146 94 248 -1 -1 -1 -1 
110 3 458 147 96 248 -1 -1 -1 -1 
111 3 458 147 97 246 -1 -1 -1 -1 
112 3 459 147 93 245 -1 -1 -1 -1 
113 3 458 147 94 244 -1 -1 -1 -1 
114 3 459 147 92 248 -1 -1 -1 -1 
115 3 460 147 91 247 -1 -1 -1 -1 
116 3 459 146 91 249 -1 -1 -1 -1 
117 3 458 145 91 254 -1 -1 -1 -1 
118 3 458 145 91 254 -1 -1 -1 -1 
119 3 457 146 91 250 -1 -1 -1 -1 
120 3 460 145 90 248 -1 -1 -1 -1 
121 3 460 146 89 249 -1 -1 -1 -1 
122 3 460 146 89 247 -1 -1 -1 -1 
123 3 459 147 90 247 -1 -1 -1 -1 
124 3 459 147 91 246 -1 -1 -1 -1 
125 3 459 146 90 247 -1 -1 -1 -1 
125 23 572 166 45 68 -1 -1 -1 -1 
126 3 460 149 90 243 -1 -1 -1 -1 
126 23 572 166 45 68 -1 -1 -1 -1 
127 3 460 147 90 243 -1 -1 -1 -1 
128 3 459 149 94 246 -1 -1 -1 -1 
129 3 462 149 88 240 -1 -1 -1 -1 
130 3 461 148 89 246 -1 -1 -1 -1 
131 3 461 147 88 245 -1 -1 -1 -1 
132 3 459 148 94 244 -1 -1 -1 -1 
133 3 458 148 96 248 -1 -1 -1 -1 
134 3 458 151 95 247 -1 -1 -1 -1 
135 3 459 150 93 245 -1 -1 -1 -1 
136 3 458 148 95 250 -1 -1 -1 -1 
