3 1 361 107 103 332 -1 -1 -1 -1 
4 1 369 120 108 317 -1 -1 -1 -1 
5 1 383 140 110 317 -1 -1 -1 -1 
5 2 490 312 113 88 -1 -1 -1 -1 
6 1 379 129 118 337 -1 -1 -1 -1 
7 1 377 132 108 336 -1 -1 -1 -1 
7 2 490 313 113 86 -1 -1 -1 -1 
8 1 378 123 110 345 -1 -1 -1 -1 
8 2 489 314 113 86 -1 -1 -1 -1 
9 1 377 132 108 336 -1 -1 -1 -1 
9 2 491 313 113 88 -1 -1 -1 -1 
11 2 490 313 114 88 -1 -1 -1 -1 
12 2 491 313 112 89 -1 -1 -1 -1 
15 2 493 313 110 88 -1 -1 -1 -1 
16 2 494 314 106 86 -1 -1 -1 -1 
19 2 493 314 104 85 -1 -1 -1 -1 
20 2 493 314 104 85 -1 -1 -1 -1 
21 2 493 314 104 85 -1 -1 -1 -1 
22 2 492 313 105 87 -1 -1 -1 -1 
23 1 378 118 114 351 -1 -1 -1 -1 
24 1 368 132 125 343 -1 -1 -1 -1 
25 1 364 156 112 319 -1 -1 -1 -1 
25 2 490 312 107 87 -1 -1 -1 -1 
26 1 369 157 92 319 -1 -1 -1 -1 
26 2 491 313 104 86 -1 -1 -1 -1 
27 1 367 160 98 315 -1 -1 -1 -1 
27 2 491 311 113 89 -1 -1 -1 -1 
28 1 368 159 104 315 -1 -1 -1 -1 
28 2 491 312 106 88 -1 -1 -1 -1 
29 1 368 159 104 315 -1 -1 -1 -1 
33 10 428 149 113 246 -1 -1 -1 -1 
37 11 436 136 100 237 -1 -1 -1 -1 
38 11 453 150 99 209 -1 -1 -1 -1 
