3 1 584 112 55 362 -1 -1 -1 -1 
3 2 0 342 24 115 -1 -1 -1 -1 
3 3 0 254 26 201 -1 -1 -1 -1 
4 1 584 111 55 363 -1 -1 -1 -1 
4 2 0 341 24 117 -1 -1 -1 -1 
4 3 0 253 27 202 -1 -1 -1 -1 
5 1 582 110 57 363 -1 -1 -1 -1 
5 2 0 339 24 118 -1 -1 -1 -1 
5 3 0 255 27 200 -1 -1 -1 -1 
6 1 582 110 57 363 -1 -1 -1 -1 
6 2 0 339 24 118 -1 -1 -1 -1 
6 3 0 254 27 201 -1 -1 -1 -1 
7 1 572 111 67 362 -1 -1 -1 -1 
7 2 0 339 24 118 -1 -1 -1 -1 
7 3 0 254 27 201 -1 -1 -1 -1 
8 1 551 110 88 365 -1 -1 -1 -1 
8 2 0 340 24 117 -1 -1 -1 -1 
8 3 0 251 27 204 -1 -1 -1 -1 
9 1 538 101 77 374 -1 -1 -1 -1 
9 2 0 340 24 117 -1 -1 -1 -1 
9 3 0 253 27 202 -1 -1 -1 -1 
10 1 512 107 94 369 -1 -1 -1 -1 
10 2 0 339 24 118 -1 -1 -1 -1 
10 3 0 253 27 202 -1 -1 -1 -1 
11 1 481 111 79 358 -1 -1 -1 -1 
11 2 0 339 24 118 -1 -1 -1 -1 
11 3 0 255 26 200 -1 -1 -1 -1 
12 1 442 106 81 365 -1 -1 -1 -1 
12 2 0 340 24 117 -1 -1 -1 -1 
12 3 0 255 27 200 -1 -1 -1 -1 
13 1 442 106 81 365 -1 -1 -1 -1 
13 2 0 340 24 118 -1 -1 -1 -1 
13 3 0 254 27 201 -1 -1 -1 -1 
14 2 0 340 24 117 -1 -1 -1 -1 
14 3 0 252 27 202 -1 -1 -1 -1 
15 2 0 340 24 118 -1 -1 -1 -1 
15 3 0 252 27 203 -1 -1 -1 -1 
15 7 313 94 116 385 -1 -1 -1 -1 
16 2 0 340 24 118 -1 -1 -1 -1 
16 3 0 253 27 202 -1 -1 -1 -1 
16 7 261 94 121 381 -1 -1 -1 -1 
17 2 0 342 24 116 -1 -1 -1 -1 
17 3 0 254 27 201 -1 -1 -1 -1 
17 7 229 94 145 382 -1 -1 -1 -1 
18 2 0 341 24 117 -1 -1 -1 -1 
18 3 0 333 28 121 -1 -1 -1 -1 
18 7 223 97 161 379 -1 -1 -1 -1 
19 2 0 342 24 115 -1 -1 -1 -1 
19 3 0 332 28 122 -1 -1 -1 -1 
19 7 231 101 179 375 -1 -1 -1 -1 
20 2 0 340 24 117 -1 -1 -1 -1 
20 3 0 333 28 121 -1 -1 -1 -1 
20 7 234 99 175 378 -1 -1 -1 -1 
20 15 187 167 68 56 -1 -1 -1 -1 
21 2 0 340 24 117 -1 -1 -1 -1 
21 3 0 333 28 121 -1 -1 -1 -1 
21 7 221 100 183 374 -1 -1 -1 -1 
21 15 192 159 65 59 -1 -1 -1 -1 
21 17 0 250 26 204 -1 -1 -1 -1 
22 2 0 339 24 118 -1 -1 -1 -1 
22 3 0 333 28 121 -1 -1 -1 -1 
22 7 236 99 170 379 -1 -1 -1 -1 
22 15 209 157 54 57 -1 -1 -1 -1 
22 17 0 250 26 204 -1 -1 -1 -1 
22 18 203 153 107 68 -1 -1 -1 -1 
23 2 0 340 24 117 -1 -1 -1 -1 
23 3 0 333 28 122 -1 -1 -1 -1 
23 7 255 101 147 375 -1 -1 -1 -1 
23 15 209 157 54 57 -1 -1 -1 -1 
23 17 0 251 27 204 -1 -1 -1 -1 
23 18 203 153 107 68 -1 -1 -1 -1 
24 2 0 340 24 117 -1 -1 -1 -1 
24 3 0 333 28 122 -1 -1 -1 -1 
24 7 269 101 128 374 -1 -1 -1 -1 
24 17 0 252 27 203 -1 -1 -1 -1 
25 2 0 340 24 117 -1 -1 -1 -1 
25 7 277 95 90 382 -1 -1 -1 -1 
25 17 0 253 27 202 -1 -1 -1 -1 
26 2 0 345 24 108 -1 -1 -1 -1 
26 7 242 99 86 379 -1 -1 -1 -1 
26 17 0 252 27 203 -1 -1 -1 -1 
27 2 0 345 24 108 -1 -1 -1 -1 
27 7 213 101 78 374 -1 -1 -1 -1 
28 7 186 101 89 376 -1 -1 -1 -1 
28 17 0 250 27 205 -1 -1 -1 -1 
29 7 184 101 90 376 -1 -1 -1 -1 
30 7 193 101 83 376 -1 -1 -1 -1 
31 7 193 101 84 376 -1 -1 -1 -1 
32 7 195 101 84 376 -1 -1 -1 -1 
32 17 0 252 27 203 -1 -1 -1 -1 
33 7 196 101 84 376 -1 -1 -1 -1 
33 17 0 252 27 203 -1 -1 -1 -1 
34 7 197 101 84 376 -1 -1 -1 -1 
34 17 0 252 27 203 -1 -1 -1 -1 
35 7 197 102 84 375 -1 -1 -1 -1 
35 17 0 251 27 204 -1 -1 -1 -1 
36 7 198 101 86 376 -1 -1 -1 -1 
36 17 0 250 27 205 -1 -1 -1 -1 
37 7 199 101 84 375 -1 -1 -1 -1 
37 17 0 251 27 204 -1 -1 -1 -1 
38 7 199 102 85 375 -1 -1 -1 -1 
39 7 198 103 106 374 -1 -1 -1 -1 
39 17 0 250 26 205 -1 -1 -1 -1 
40 2 0 343 24 115 -1 -1 -1 -1 
40 7 174 100 137 376 -1 -1 -1 -1 
40 17 0 255 27 200 -1 -1 -1 -1 
41 2 0 345 24 112 -1 -1 -1 -1 
41 7 158 107 114 368 -1 -1 -1 -1 
41 17 0 252 27 203 -1 -1 -1 -1 
42 2 0 338 25 119 -1 -1 -1 -1 
42 7 158 107 114 368 -1 -1 -1 -1 
42 17 0 259 28 197 -1 -1 -1 -1 
43 2 0 345 23 112 -1 -1 -1 -1 
43 3 0 334 28 118 -1 -1 -1 -1 
43 17 0 259 28 197 -1 -1 -1 -1 
44 2 0 345 23 112 -1 -1 -1 -1 
