3 1 98 160 276 316 -1 -1 -1 -1 
4 1 52 156 356 323 -1 -1 -1 -1 
5 1 5 218 475 259 -1 -1 -1 -1 
6 1 207 171 299 306 -1 -1 -1 -1 
7 1 225 170 286 305 -1 -1 -1 -1 
8 1 270 199 265 278 -1 -1 -1 -1 
8 2 2 3 457 473 -1 -1 -1 -1 
9 1 270 199 265 278 -1 -1 -1 -1 
12 4 0 3 637 474 -1 -1 -1 -1 
13 4 0 0 639 471 -1 -1 -1 -1 
14 4 0 2 639 470 -1 -1 -1 -1 
15 4 0 0 639 472 -1 -1 -1 -1 
16 4 0 1 468 471 -1 -1 -1 -1 
17 4 1 5 638 469 -1 -1 -1 -1 
18 4 4 1 635 475 -1 -1 -1 -1 
19 4 2 1 637 475 -1 -1 -1 -1 
20 4 0 2 635 477 -1 -1 -1 -1 
21 4 0 6 637 470 -1 -1 -1 -1 
22 4 0 7 633 472 -1 -1 -1 -1 
23 4 1 0 629 479 -1 -1 -1 -1 
29 10 3 12 636 463 -1 -1 -1 -1 
30 10 0 0 634 479 -1 -1 -1 -1 
31 10 1 0 625 477 -1 -1 -1 -1 
32 10 1 123 638 347 -1 -1 -1 -1 
33 10 182 248 457 228 -1 -1 -1 -1 
34 10 201 230 438 247 -1 -1 -1 -1 
34 11 4 0 512 223 -1 -1 -1 -1 
35 10 256 49 383 427 -1 -1 -1 -1 
35 11 2 0 514 280 -1 -1 -1 -1 
36 10 278 32 361 444 -1 -1 -1 -1 
36 11 0 0 627 231 -1 -1 -1 -1 
37 10 304 1 335 473 -1 -1 -1 -1 
39 11 4 0 477 254 -1 -1 -1 -1 
40 11 3 0 495 264 -1 -1 -1 -1 
41 11 3 0 469 243 -1 -1 -1 -1 
41 14 234 0 405 473 -1 -1 -1 -1 
42 11 3 0 473 235 -1 -1 -1 -1 
42 14 265 0 374 475 -1 -1 -1 -1 
43 11 4 0 460 234 -1 -1 -1 -1 
43 14 377 0 258 474 -1 -1 -1 -1 
44 11 4 0 460 234 -1 -1 -1 -1 
45 11 2 0 463 234 -1 -1 -1 -1 
45 14 373 0 254 476 -1 -1 -1 -1 
46 11 4 0 430 259 -1 -1 -1 -1 
46 14 255 3 362 472 -1 -1 -1 -1 
47 11 4 0 454 248 -1 -1 -1 -1 
47 14 258 67 378 410 -1 -1 -1 -1 
48 11 3 0 492 250 -1 -1 -1 -1 
48 14 313 78 326 397 -1 -1 -1 -1 
49 11 3 0 492 245 -1 -1 -1 -1 
49 14 300 94 336 385 -1 -1 -1 -1 
50 11 5 0 462 245 -1 -1 -1 -1 
50 14 328 98 311 381 -1 -1 -1 -1 
51 11 4 0 468 243 -1 -1 -1 -1 
51 14 309 107 330 371 -1 -1 -1 -1 
52 11 4 0 469 246 -1 -1 -1 -1 
52 14 312 115 327 364 -1 -1 -1 -1 
53 11 3 0 470 246 -1 -1 -1 -1 
53 14 313 123 325 356 -1 -1 -1 -1 
54 11 3 0 479 244 -1 -1 -1 -1 
54 14 307 135 331 344 -1 -1 -1 -1 
55 11 2 0 485 245 -1 -1 -1 -1 
55 14 289 138 349 341 -1 -1 -1 -1 
56 11 2 0 490 253 -1 -1 -1 -1 
56 14 285 139 354 340 -1 -1 -1 -1 
57 11 3 0 472 253 -1 -1 -1 -1 
57 14 270 91 365 383 -1 -1 -1 -1 
58 11 2 0 500 248 -1 -1 -1 -1 
58 14 320 55 290 419 -1 -1 -1 -1 
59 11 4 0 493 243 -1 -1 -1 -1 
59 14 348 67 242 406 -1 -1 -1 -1 
60 11 3 0 486 245 -1 -1 -1 -1 
60 14 371 125 215 351 -1 -1 -1 -1 
61 11 3 0 484 234 -1 -1 -1 -1 
61 14 373 148 217 331 -1 -1 -1 -1 
62 11 3 0 486 234 -1 -1 -1 -1 
62 14 416 305 198 173 -1 -1 -1 -1 
63 11 4 0 512 221 -1 -1 -1 -1 
63 14 411 375 228 103 -1 -1 -1 -1 
64 11 4 0 514 220 -1 -1 -1 -1 
65 11 4 0 516 217 -1 -1 -1 -1 
66 11 4 0 515 220 -1 -1 -1 -1 
67 11 3 0 484 235 -1 -1 -1 -1 
68 11 4 0 517 218 -1 -1 -1 -1 
68 18 458 115 171 358 -1 -1 -1 -1 
69 11 4 0 483 231 -1 -1 -1 -1 
69 18 504 90 135 383 -1 -1 -1 -1 
70 11 3 0 514 219 -1 -1 -1 -1 
70 18 509 46 130 377 -1 -1 -1 -1 
71 11 4 0 483 237 -1 -1 -1 -1 
72 11 3 0 512 216 -1 -1 -1 -1 
73 11 4 0 511 218 -1 -1 -1 -1 
74 11 4 0 512 219 -1 -1 -1 -1 
75 11 4 0 511 220 -1 -1 -1 -1 
76 11 4 0 510 219 -1 -1 -1 -1 
77 11 4 0 490 239 -1 -1 -1 -1 
79 11 3 0 515 216 -1 -1 -1 -1 
80 11 4 0 514 216 -1 -1 -1 -1 
83 11 4 0 511 215 -1 -1 -1 -1 
84 11 4 0 511 213 -1 -1 -1 -1 
85 11 5 0 510 218 -1 -1 -1 -1 
86 11 4 0 512 216 -1 -1 -1 -1 
87 11 4 0 512 217 -1 -1 -1 -1 
88 11 4 0 489 240 -1 -1 -1 -1 
89 11 4 0 515 220 -1 -1 -1 -1 
90 11 4 0 513 219 -1 -1 -1 -1 
91 11 3 0 513 217 -1 -1 -1 -1 
92 11 4 0 514 219 -1 -1 -1 -1 
93 11 4 0 514 217 -1 -1 -1 -1 
94 11 4 0 513 214 -1 -1 -1 -1 
95 11 4 0 512 218 -1 -1 -1 -1 
96 11 4 0 512 219 -1 -1 -1 -1 
97 11 4 0 512 216 -1 -1 -1 -1 
98 11 4 0 512 217 -1 -1 -1 -1 
99 11 4 0 514 219 -1 -1 -1 -1 
100 11 4 0 512 218 -1 -1 -1 -1 
101 11 4 0 512 216 -1 -1 -1 -1 
102 11 4 0 513 217 -1 -1 -1 -1 
103 11 4 0 515 216 -1 -1 -1 -1 
104 11 4 0 513 214 -1 -1 -1 -1 
105 11 3 0 513 217 -1 -1 -1 -1 
106 11 4 0 512 216 -1 -1 -1 -1 
107 11 3 0 512 213 -1 -1 -1 -1 
108 11 3 0 513 215 -1 -1 -1 -1 
109 11 4 0 512 214 -1 -1 -1 -1 
110 11 4 0 510 218 -1 -1 -1 -1 
111 11 3 0 511 217 -1 -1 -1 -1 
112 11 4 0 511 217 -1 -1 -1 -1 
113 11 4 0 514 218 -1 -1 -1 -1 
114 11 5 0 514 216 -1 -1 -1 -1 
115 11 3 0 536 219 -1 -1 -1 -1 
116 11 3 0 536 219 -1 -1 -1 -1 
120 24 177 50 149 284 -1 -1 -1 -1 
121 11 4 0 513 196 -1 -1 -1 -1 
121 24 123 87 142 250 -1 -1 -1 -1 
122 11 4 0 511 210 -1 -1 -1 -1 
122 24 64 135 140 262 -1 -1 -1 -1 
123 11 5 0 513 219 -1 -1 -1 -1 
123 24 4 175 160 224 -1 -1 -1 -1 
124 11 1 0 519 237 -1 -1 -1 -1 
124 24 4 175 160 224 -1 -1 -1 -1 
125 11 4 0 510 224 -1 -1 -1 -1 
126 11 4 0 508 217 -1 -1 -1 -1 
127 11 3 0 513 214 -1 -1 -1 -1 
127 26 73 164 177 234 -1 -1 -1 -1 
128 11 3 0 513 214 -1 -1 -1 -1 
129 26 166 144 142 276 -1 -1 -1 -1 
130 26 202 139 154 277 -1 -1 -1 -1 
131 26 257 166 170 308 -1 -1 -1 -1 
132 26 257 166 170 308 -1 -1 -1 -1 
133 11 5 0 515 215 -1 -1 -1 -1 
134 11 4 0 515 215 -1 -1 -1 -1 
135 11 4 0 514 218 -1 -1 -1 -1 
136 11 4 0 512 217 -1 -1 -1 -1 
137 11 4 0 511 216 -1 -1 -1 -1 
138 11 4 0 510 216 -1 -1 -1 -1 
139 11 4 0 513 217 -1 -1 -1 -1 
140 11 5 0 513 214 -1 -1 -1 -1 
141 11 5 0 513 216 -1 -1 -1 -1 
142 11 4 0 513 219 -1 -1 -1 -1 
143 11 4 0 513 218 -1 -1 -1 -1 
144 11 4 0 515 219 -1 -1 -1 -1 
145 11 4 0 515 219 -1 -1 -1 -1 
178 37 275 6 358 468 -1 -1 -1 -1 
179 37 1 2 637 469 -1 -1 -1 -1 
180 37 284 14 354 464 -1 -1 -1 -1 
181 37 0 6 639 471 -1 -1 -1 -1 
182 37 0 9 638 466 -1 -1 -1 -1 
183 37 0 4 631 470 -1 -1 -1 -1 
190 39 0 0 639 479 -1 -1 -1 -1 
205 41 0 213 206 266 -1 -1 -1 -1 
206 41 0 209 209 270 -1 -1 -1 -1 
207 41 0 43 220 434 -1 -1 -1 -1 
208 41 0 44 221 434 -1 -1 -1 -1 
209 41 0 150 213 329 -1 -1 -1 -1 
285 59 463 193 50 83 -1 -1 -1 -1 
286 59 463 195 51 81 -1 -1 -1 -1 
314 59 463 193 50 83 -1 -1 -1 -1 
315 59 463 192 50 84 -1 -1 -1 -1 
316 59 463 193 50 83 -1 -1 -1 -1 
317 59 463 194 51 81 -1 -1 -1 -1 
359 61 533 24 106 196 -1 -1 -1 -1 
375 63 421 142 157 336 -1 -1 -1 -1 
376 63 387 176 129 302 -1 -1 -1 -1 
377 63 387 176 129 302 -1 -1 -1 -1 
378 67 335 85 122 366 -1 -1 -1 -1 
379 67 405 80 109 391 -1 -1 -1 -1 
380 67 405 80 109 391 -1 -1 -1 -1 
381 69 32 170 262 273 -1 -1 -1 -1 
382 69 38 148 227 263 -1 -1 -1 -1 
383 69 60 116 202 280 -1 -1 -1 -1 
384 69 122 95 174 291 -1 -1 -1 -1 
385 69 169 68 122 293 -1 -1 -1 -1 
386 69 174 63 121 309 -1 -1 -1 -1 
387 69 178 63 161 323 -1 -1 -1 -1 
388 69 244 56 117 272 -1 -1 -1 -1 
388 71 315 188 88 53 -1 -1 -1 -1 
389 69 262 66 137 270 -1 -1 -1 -1 
389 71 315 188 88 53 -1 -1 -1 -1 
390 69 259 53 166 324 -1 -1 -1 -1 
391 69 314 64 129 315 -1 -1 -1 -1 
391 75 373 139 115 61 -1 -1 -1 -1 
392 69 324 67 99 309 -1 -1 -1 -1 
393 69 320 54 114 326 -1 -1 -1 -1 
394 69 316 56 109 325 -1 -1 -1 -1 
395 69 316 56 109 325 -1 -1 -1 -1 
395 77 334 44 124 93 -1 -1 -1 -1 
396 69 321 50 105 325 -1 -1 -1 -1 
397 69 321 43 108 340 -1 -1 -1 -1 
398 69 323 59 103 317 -1 -1 -1 -1 
399 69 322 73 102 303 -1 -1 -1 -1 
400 69 322 78 103 299 -1 -1 -1 -1 
401 69 320 52 105 329 -1 -1 -1 -1 
402 69 323 48 121 330 -1 -1 -1 -1 
403 69 323 41 125 341 -1 -1 -1 -1 
404 69 295 39 148 341 -1 -1 -1 -1 
405 69 310 21 141 308 -1 -1 -1 -1 
406 69 340 5 134 311 -1 -1 -1 -1 
407 69 352 12 138 295 -1 -1 -1 -1 
408 69 357 19 141 330 -1 -1 -1 -1 
409 69 366 17 137 329 -1 -1 -1 -1 
410 69 368 17 139 327 -1 -1 -1 -1 
411 69 367 16 132 331 -1 -1 -1 -1 
412 69 366 15 132 332 -1 -1 -1 -1 
413 69 362 13 135 332 -1 -1 -1 -1 
414 69 369 5 123 341 -1 -1 -1 -1 
415 69 373 0 124 302 -1 -1 -1 -1 
416 69 360 1 104 286 -1 -1 -1 -1 
417 69 365 0 92 276 -1 -1 -1 -1 
418 69 379 1 100 260 -1 -1 -1 -1 
419 69 370 0 90 253 -1 -1 -1 -1 
420 69 347 2 109 251 -1 -1 -1 -1 
421 69 341 2 94 269 -1 -1 -1 -1 
422 69 340 2 114 298 -1 -1 -1 -1 
423 69 319 16 131 321 -1 -1 -1 -1 
424 69 308 31 128 349 -1 -1 -1 -1 
425 69 317 38 118 344 -1 -1 -1 -1 
426 69 256 57 175 330 -1 -1 -1 -1 
426 91 345 194 99 37 -1 -1 -1 -1 
427 69 229 95 156 241 -1 -1 -1 -1 
427 91 296 187 110 54 -1 -1 -1 -1 
427 95 297 191 108 45 -1 -1 -1 -1 
428 69 199 91 152 265 -1 -1 -1 -1 
428 91 296 187 110 54 -1 -1 -1 -1 
429 69 179 100 166 310 -1 -1 -1 -1 
430 69 166 119 167 273 -1 -1 -1 -1 
431 69 164 121 166 274 -1 -1 -1 -1 
431 99 267 139 81 37 -1 -1 -1 -1 
432 69 166 116 167 288 -1 -1 -1 -1 
432 99 266 141 85 35 -1 -1 -1 -1 
433 69 167 114 164 291 -1 -1 -1 -1 
433 99 269 141 82 36 -1 -1 -1 -1 
434 69 167 115 165 289 -1 -1 -1 -1 
434 99 275 142 78 35 -1 -1 -1 -1 
435 69 168 114 167 292 -1 -1 -1 -1 
435 99 273 143 81 35 -1 -1 -1 -1 
436 69 169 113 164 295 -1 -1 -1 -1 
436 99 278 145 76 34 -1 -1 -1 -1 
437 69 173 97 132 316 -1 -1 -1 -1 
437 99 237 149 119 33 -1 -1 -1 -1 
438 69 173 97 133 315 -1 -1 -1 -1 
438 99 239 143 116 34 -1 -1 -1 -1 
439 69 174 100 133 318 -1 -1 -1 -1 
439 99 272 158 80 37 -1 -1 -1 -1 
440 69 174 109 142 306 -1 -1 -1 -1 
440 99 272 158 80 37 -1 -1 -1 -1 
441 69 174 109 140 304 -1 -1 -1 -1 
442 69 176 110 142 305 -1 -1 -1 -1 
442 100 214 216 102 45 -1 -1 -1 -1 
442 101 216 217 103 51 -1 -1 -1 -1 
442 102 215 215 102 53 -1 -1 -1 -1 
443 69 178 106 140 309 -1 -1 -1 -1 
443 100 214 214 103 47 -1 -1 -1 -1 
443 101 216 214 105 53 -1 -1 -1 -1 
443 102 216 212 101 53 -1 -1 -1 -1 
444 69 179 106 141 311 -1 -1 -1 -1 
444 100 213 212 107 49 -1 -1 -1 -1 
444 101 216 213 107 54 -1 -1 -1 -1 
444 102 218 212 101 55 -1 -1 -1 -1 
445 69 179 107 143 310 -1 -1 -1 -1 
445 100 215 211 105 48 -1 -1 -1 -1 
445 101 220 211 101 57 -1 -1 -1 -1 
445 102 214 212 110 54 -1 -1 -1 -1 
445 103 200 207 122 60 -1 -1 -1 -1 
446 69 180 107 142 309 -1 -1 -1 -1 
446 100 217 211 104 47 -1 -1 -1 -1 
446 101 221 211 101 58 -1 -1 -1 -1 
446 102 216 212 109 54 -1 -1 -1 -1 
446 103 212 209 110 56 -1 -1 -1 -1 
447 69 180 106 143 309 -1 -1 -1 -1 
447 100 216 211 105 48 -1 -1 -1 -1 
447 101 221 211 101 57 -1 -1 -1 -1 
447 102 216 212 109 54 -1 -1 -1 -1 
448 69 180 106 143 309 -1 -1 -1 -1 
448 100 217 210 104 49 -1 -1 -1 -1 
448 101 221 210 101 58 -1 -1 -1 -1 
448 103 203 207 120 59 -1 -1 -1 -1 
449 69 180 107 142 307 -1 -1 -1 -1 
449 100 216 210 105 48 -1 -1 -1 -1 
449 101 220 210 101 58 -1 -1 -1 -1 
449 102 216 210 107 55 -1 -1 -1 -1 
449 103 202 208 120 59 -1 -1 -1 -1 
450 69 180 107 142 307 -1 -1 -1 -1 
450 100 215 210 106 48 -1 -1 -1 -1 
450 101 219 210 102 58 -1 -1 -1 -1 
450 102 216 210 107 55 -1 -1 -1 -1 
451 69 179 106 143 311 -1 -1 -1 -1 
451 100 212 209 109 48 -1 -1 -1 -1 
451 101 219 210 101 55 -1 -1 -1 -1 
451 103 203 207 118 60 -1 -1 -1 -1 
452 69 180 107 142 311 -1 -1 -1 -1 
452 100 214 209 107 48 -1 -1 -1 -1 
452 101 220 210 101 55 -1 -1 -1 -1 
452 103 206 207 116 59 -1 -1 -1 -1 
453 69 180 107 141 309 -1 -1 -1 -1 
453 100 214 212 107 47 -1 -1 -1 -1 
453 101 220 211 100 55 -1 -1 -1 -1 
453 103 204 209 116 57 -1 -1 -1 -1 
454 69 180 108 145 308 -1 -1 -1 -1 
454 100 216 210 107 53 -1 -1 -1 -1 
454 101 221 211 102 59 -1 -1 -1 -1 
454 103 208 208 117 59 -1 -1 -1 -1 
455 69 180 108 145 307 -1 -1 -1 -1 
455 100 214 211 110 45 -1 -1 -1 -1 
455 101 216 211 111 53 -1 -1 -1 -1 
455 102 221 211 103 52 -1 -1 -1 -1 
455 103 203 209 121 59 -1 -1 -1 -1 
456 69 180 108 144 307 -1 -1 -1 -1 
456 100 214 211 109 45 -1 -1 -1 -1 
456 101 216 211 111 53 -1 -1 -1 -1 
456 102 221 210 102 52 -1 -1 -1 -1 
457 69 180 108 143 306 -1 -1 -1 -1 
457 100 215 211 108 46 -1 -1 -1 -1 
457 102 221 211 102 53 -1 -1 -1 -1 
458 69 180 108 144 307 -1 -1 -1 -1 
458 100 216 212 108 45 -1 -1 -1 -1 
458 101 216 213 109 54 -1 -1 -1 -1 
458 102 221 211 102 53 -1 -1 -1 -1 
458 103 209 211 115 55 -1 -1 -1 -1 
459 69 181 108 143 307 -1 -1 -1 -1 
459 100 215 211 108 45 -1 -1 -1 -1 
459 101 216 213 109 53 -1 -1 -1 -1 
459 102 221 210 102 53 -1 -1 -1 -1 
459 103 204 208 120 59 -1 -1 -1 -1 
460 69 180 107 142 308 -1 -1 -1 -1 
460 100 215 210 107 46 -1 -1 -1 -1 
460 101 217 211 106 52 -1 -1 -1 -1 
460 102 220 210 102 52 -1 -1 -1 -1 
460 103 205 207 117 58 -1 -1 -1 -1 
461 69 180 106 142 309 -1 -1 -1 -1 
461 100 216 210 106 46 -1 -1 -1 -1 
461 101 215 210 111 53 -1 -1 -1 -1 
461 102 219 209 103 53 -1 -1 -1 -1 
461 103 206 207 116 57 -1 -1 -1 -1 
462 69 180 105 143 309 -1 -1 -1 -1 
462 100 215 210 106 45 -1 -1 -1 -1 
462 101 215 210 110 53 -1 -1 -1 -1 
462 102 218 209 103 52 -1 -1 -1 -1 
462 103 208 207 113 57 -1 -1 -1 -1 
463 69 178 105 144 312 -1 -1 -1 -1 
463 100 215 205 105 45 -1 -1 -1 -1 
463 101 215 210 110 53 -1 -1 -1 -1 
464 69 169 112 146 280 -1 -1 -1 -1 
464 100 215 205 105 45 -1 -1 -1 -1 
464 103 213 206 107 39 -1 -1 -1 -1 
465 69 165 120 154 293 -1 -1 -1 -1 
465 99 234 155 105 38 -1 -1 -1 -1 
466 69 165 119 154 292 -1 -1 -1 -1 
466 99 229 153 110 41 -1 -1 -1 -1 
466 104 219 149 122 59 -1 -1 -1 -1 
467 69 168 115 153 301 -1 -1 -1 -1 
467 99 230 153 111 38 -1 -1 -1 -1 
467 104 224 146 120 61 -1 -1 -1 -1 
468 69 168 115 157 298 -1 -1 -1 -1 
468 99 235 150 109 38 -1 -1 -1 -1 
468 104 226 143 119 62 -1 -1 -1 -1 
469 69 169 115 159 299 -1 -1 -1 -1 
469 99 244 149 101 39 -1 -1 -1 -1 
469 104 227 141 120 62 -1 -1 -1 -1 
470 69 170 116 158 294 -1 -1 -1 -1 
470 99 247 149 99 40 -1 -1 -1 -1 
470 104 227 141 122 64 -1 -1 -1 -1 
471 69 170 116 159 294 -1 -1 -1 -1 
471 99 251 149 96 40 -1 -1 -1 -1 
471 104 227 141 123 63 -1 -1 -1 -1 
472 69 170 114 161 296 -1 -1 -1 -1 
472 99 251 149 97 40 -1 -1 -1 -1 
472 104 225 140 125 65 -1 -1 -1 -1 
473 69 171 111 160 299 -1 -1 -1 -1 
473 99 253 148 95 40 -1 -1 -1 -1 
474 69 171 110 160 301 -1 -1 -1 -1 
474 99 253 149 95 39 -1 -1 -1 -1 
475 69 171 111 162 300 -1 -1 -1 -1 
475 99 245 149 104 40 -1 -1 -1 -1 
476 69 173 107 160 304 -1 -1 -1 -1 
476 99 244 147 107 40 -1 -1 -1 -1 
477 69 174 107 160 305 -1 -1 -1 -1 
477 99 245 147 109 41 -1 -1 -1 -1 
477 104 231 140 123 61 -1 -1 -1 -1 
478 69 176 107 159 306 -1 -1 -1 -1 
478 99 245 149 110 40 -1 -1 -1 -1 
479 69 179 105 158 307 -1 -1 -1 -1 
479 99 249 148 110 43 -1 -1 -1 -1 
480 69 178 98 160 313 -1 -1 -1 -1 
481 69 212 85 116 304 -1 -1 -1 -1 
482 69 248 57 125 288 -1 -1 -1 -1 
483 69 297 53 100 292 -1 -1 -1 -1 
484 69 297 53 100 292 -1 -1 -1 -1 
486 108 413 3 83 277 -1 -1 -1 -1 
495 114 472 99 109 74 -1 -1 -1 -1 
496 114 472 99 109 74 -1 -1 -1 -1 
498 116 463 195 50 79 -1 -1 -1 -1 
499 116 463 195 50 79 -1 -1 -1 -1 
501 118 461 31 178 435 -1 -1 -1 -1 
502 118 470 32 168 446 -1 -1 -1 -1 
502 119 413 127 108 72 -1 -1 -1 -1 
503 118 477 40 161 438 -1 -1 -1 -1 
503 119 413 127 108 72 -1 -1 -1 -1 
504 118 533 61 106 327 -1 -1 -1 -1 
504 120 417 154 86 45 -1 -1 -1 -1 
505 118 535 105 104 286 -1 -1 -1 -1 
505 120 420 167 91 46 -1 -1 -1 -1 
506 118 535 105 104 286 -1 -1 -1 -1 
507 120 422 162 87 54 -1 -1 -1 -1 
508 120 423 161 79 39 -1 -1 -1 -1 
509 120 423 161 79 39 -1 -1 -1 -1 
522 116 463 194 50 83 -1 -1 -1 -1 
523 116 463 194 50 82 -1 -1 -1 -1 
546 116 463 193 50 84 -1 -1 -1 -1 
547 116 463 194 50 83 -1 -1 -1 -1 
551 123 578 9 61 255 -1 -1 -1 -1 
552 123 582 9 57 253 -1 -1 -1 -1 
553 123 579 13 60 249 -1 -1 -1 -1 
560 123 578 11 61 254 -1 -1 -1 -1 
561 123 578 10 61 257 -1 -1 -1 -1 
562 123 578 10 61 258 -1 -1 -1 -1 
563 123 578 10 61 258 -1 -1 -1 -1 
576 116 463 193 50 83 -1 -1 -1 -1 
577 116 463 195 50 81 -1 -1 -1 -1 
