3 1 543 310 70 84 -1 -1 -1 -1 
3 2 453 243 98 155 -1 -1 -1 -1 
4 1 549 309 65 83 -1 -1 -1 -1 
4 2 452 243 105 156 -1 -1 -1 -1 
5 1 549 309 65 83 -1 -1 -1 -1 
5 2 458 244 102 156 -1 -1 -1 -1 
5 4 590 202 49 104 -1 -1 -1 -1 
5 5 478 154 61 56 -1 -1 -1 -1 
6 2 460 244 99 155 -1 -1 -1 -1 
6 4 585 202 54 76 -1 -1 -1 -1 
6 5 477 154 75 57 -1 -1 -1 -1 
7 2 458 243 99 156 -1 -1 -1 -1 
7 4 587 199 52 92 -1 -1 -1 -1 
7 5 475 150 71 61 -1 -1 -1 -1 
8 2 455 246 105 152 -1 -1 -1 -1 
8 4 586 198 53 105 -1 -1 -1 -1 
8 5 477 145 62 67 -1 -1 -1 -1 
9 2 456 246 107 153 -1 -1 -1 -1 
9 4 588 198 51 102 -1 -1 -1 -1 
9 5 478 145 58 64 -1 -1 -1 -1 
10 2 456 246 108 153 -1 -1 -1 -1 
10 4 588 198 51 103 -1 -1 -1 -1 
10 5 478 145 51 63 -1 -1 -1 -1 
11 2 450 244 111 156 -1 -1 -1 -1 
11 4 588 198 51 120 -1 -1 -1 -1 
11 5 476 145 55 65 -1 -1 -1 -1 
12 2 449 244 112 153 -1 -1 -1 -1 
12 4 588 201 51 114 -1 -1 -1 -1 
12 5 477 146 74 65 -1 -1 -1 -1 
13 2 452 244 109 152 -1 -1 -1 -1 
13 4 589 201 50 99 -1 -1 -1 -1 
13 5 479 148 61 61 -1 -1 -1 -1 
14 2 449 245 111 152 -1 -1 -1 -1 
14 4 589 201 50 107 -1 -1 -1 -1 
14 5 478 150 46 57 -1 -1 -1 -1 
15 2 446 247 115 151 -1 -1 -1 -1 
15 4 589 201 50 107 -1 -1 -1 -1 
16 2 457 247 102 150 -1 -1 -1 -1 
16 4 590 202 49 97 -1 -1 -1 -1 
16 5 477 148 62 63 -1 -1 -1 -1 
17 2 433 249 129 149 -1 -1 -1 -1 
17 4 590 201 49 97 -1 -1 -1 -1 
17 5 476 147 68 64 -1 -1 -1 -1 
18 2 429 244 135 157 -1 -1 -1 -1 
18 4 589 201 50 107 -1 -1 -1 -1 
18 5 476 149 66 62 -1 -1 -1 -1 
19 2 432 243 130 159 -1 -1 -1 -1 
19 4 589 204 50 87 -1 -1 -1 -1 
19 5 476 150 69 60 -1 -1 -1 -1 
20 2 429 241 132 160 -1 -1 -1 -1 
20 4 589 203 50 87 -1 -1 -1 -1 
20 5 477 150 67 61 -1 -1 -1 -1 
20 12 522 140 34 66 -1 -1 -1 -1 
21 2 449 240 111 162 -1 -1 -1 -1 
21 4 588 199 51 105 -1 -1 -1 -1 
21 5 477 150 69 60 -1 -1 -1 -1 
22 2 459 239 96 160 -1 -1 -1 -1 
22 4 589 199 50 101 -1 -1 -1 -1 
22 5 477 147 65 64 -1 -1 -1 -1 
22 12 521 139 34 68 -1 -1 -1 -1 
23 2 460 239 99 160 -1 -1 -1 -1 
23 4 588 200 51 98 -1 -1 -1 -1 
23 5 476 146 64 65 -1 -1 -1 -1 
23 12 519 136 36 68 -1 -1 -1 -1 
24 2 450 239 107 159 -1 -1 -1 -1 
24 4 589 201 50 97 -1 -1 -1 -1 
24 5 473 143 50 64 -1 -1 -1 -1 
24 12 510 122 57 88 -1 -1 -1 -1 
24 13 537 302 97 89 -1 -1 -1 -1 
25 2 442 239 110 158 -1 -1 -1 -1 
25 4 589 207 50 90 -1 -1 -1 -1 
25 5 473 143 66 67 -1 -1 -1 -1 
25 12 510 122 57 88 -1 -1 -1 -1 
26 2 434 240 125 158 -1 -1 -1 -1 
26 4 589 204 50 101 -1 -1 -1 -1 
26 5 472 143 63 66 -1 -1 -1 -1 
26 13 537 301 97 90 -1 -1 -1 -1 
27 2 432 240 128 159 -1 -1 -1 -1 
27 4 587 203 52 100 -1 -1 -1 -1 
27 5 477 143 60 67 -1 -1 -1 -1 
27 13 542 301 97 90 -1 -1 -1 -1 
28 2 432 240 127 159 -1 -1 -1 -1 
28 4 587 203 52 100 -1 -1 -1 -1 
28 5 480 154 63 56 -1 -1 -1 -1 
29 2 439 240 118 159 -1 -1 -1 -1 
29 5 482 155 59 56 -1 -1 -1 -1 
29 13 540 304 99 90 -1 -1 -1 -1 
30 2 437 240 122 160 -1 -1 -1 -1 
30 5 480 157 69 57 -1 -1 -1 -1 
30 13 539 224 100 173 -1 -1 -1 -1 
31 2 436 241 124 159 -1 -1 -1 -1 
31 5 479 155 67 58 -1 -1 -1 -1 
31 13 543 215 96 179 -1 -1 -1 -1 
32 2 442 240 118 161 -1 -1 -1 -1 
32 5 480 154 63 58 -1 -1 -1 -1 
32 13 551 209 88 185 -1 -1 -1 -1 
33 2 446 242 116 158 -1 -1 -1 -1 
33 5 479 153 62 56 -1 -1 -1 -1 
33 13 548 308 86 81 -1 -1 -1 -1 
33 15 525 138 34 69 -1 -1 -1 -1 
34 2 456 240 105 159 -1 -1 -1 -1 
34 5 477 147 69 66 -1 -1 -1 -1 
34 13 552 309 86 79 -1 -1 -1 -1 
34 15 524 138 35 69 -1 -1 -1 -1 
35 2 441 241 119 158 -1 -1 -1 -1 
35 5 479 154 61 56 -1 -1 -1 -1 
35 13 551 308 87 79 -1 -1 -1 -1 
35 15 525 137 34 79 -1 -1 -1 -1 
36 2 441 241 119 158 -1 -1 -1 -1 
36 5 479 154 61 56 -1 -1 -1 -1 
37 15 525 137 34 80 -1 -1 -1 -1 
37 16 605 321 18 52 -1 -1 -1 -1 
38 4 587 203 52 100 -1 -1 -1 -1 
38 15 525 137 34 73 -1 -1 -1 -1 
38 16 604 323 18 50 -1 -1 -1 -1 
39 4 587 203 52 100 -1 -1 -1 -1 
39 15 525 135 34 103 -1 -1 -1 -1 
40 4 587 213 52 86 -1 -1 -1 -1 
40 15 523 135 37 111 -1 -1 -1 -1 
40 16 604 322 16 50 -1 -1 -1 -1 
41 4 587 213 52 86 -1 -1 -1 -1 
41 15 524 135 35 109 -1 -1 -1 -1 
41 16 604 323 17 50 -1 -1 -1 -1 
42 4 586 207 53 96 -1 -1 -1 -1 
42 5 476 147 78 93 -1 -1 -1 -1 
42 15 524 136 35 76 -1 -1 -1 -1 
42 16 605 324 16 49 -1 -1 -1 -1 
43 4 587 208 52 93 -1 -1 -1 -1 
43 5 477 147 57 63 -1 -1 -1 -1 
43 15 524 135 35 93 -1 -1 -1 -1 
43 16 605 323 16 49 -1 -1 -1 -1 
43 20 469 242 96 162 -1 -1 -1 -1 
44 4 587 212 52 87 -1 -1 -1 -1 
44 5 477 149 59 61 -1 -1 -1 -1 
44 13 548 307 89 79 -1 -1 -1 -1 
44 15 524 136 35 102 -1 -1 -1 -1 
44 16 605 323 16 49 -1 -1 -1 -1 
44 20 460 244 100 157 -1 -1 -1 -1 
45 4 587 212 52 87 -1 -1 -1 -1 
45 5 476 149 61 61 -1 -1 -1 -1 
45 13 584 308 52 69 -1 -1 -1 -1 
45 15 525 137 34 81 -1 -1 -1 -1 
45 16 604 323 18 49 -1 -1 -1 -1 
46 4 586 214 53 86 -1 -1 -1 -1 
46 5 477 148 57 62 -1 -1 -1 -1 
46 13 559 308 79 79 -1 -1 -1 -1 
46 15 525 137 35 114 -1 -1 -1 -1 
46 16 605 324 17 50 -1 -1 -1 -1 
46 20 429 241 144 157 -1 -1 -1 -1 
47 4 590 211 49 119 -1 -1 -1 -1 
47 5 476 148 60 65 -1 -1 -1 -1 
47 13 542 310 91 86 -1 -1 -1 -1 
47 15 525 135 36 132 -1 -1 -1 -1 
47 16 604 323 18 49 -1 -1 -1 -1 
47 20 431 199 178 201 -1 -1 -1 -1 
48 4 586 212 53 108 -1 -1 -1 -1 
48 5 475 148 62 93 -1 -1 -1 -1 
48 13 549 296 76 96 -1 -1 -1 -1 
48 15 525 139 35 133 -1 -1 -1 -1 
48 16 604 323 18 49 -1 -1 -1 -1 
49 4 587 210 52 106 -1 -1 -1 -1 
49 5 476 148 58 61 -1 -1 -1 -1 
49 13 549 296 76 96 -1 -1 -1 -1 
49 15 526 139 34 103 -1 -1 -1 -1 
49 16 606 322 14 51 -1 -1 -1 -1 
50 4 587 210 52 106 -1 -1 -1 -1 
50 5 477 150 72 66 -1 -1 -1 -1 
50 15 526 139 33 78 -1 -1 -1 -1 
50 16 604 323 18 50 -1 -1 -1 -1 
50 20 436 262 158 135 -1 -1 -1 -1 
51 5 477 149 58 60 -1 -1 -1 -1 
51 15 526 140 34 112 -1 -1 -1 -1 
51 16 605 323 16 51 -1 -1 -1 -1 
52 5 477 149 57 61 -1 -1 -1 -1 
52 15 526 138 33 83 -1 -1 -1 -1 
53 5 477 149 56 59 -1 -1 -1 -1 
53 15 526 137 34 130 -1 -1 -1 -1 
53 16 605 323 16 51 -1 -1 -1 -1 
54 5 477 150 57 59 -1 -1 -1 -1 
54 13 549 305 87 82 -1 -1 -1 -1 
54 15 526 138 34 129 -1 -1 -1 -1 
54 16 605 324 16 49 -1 -1 -1 -1 
54 20 427 257 145 143 -1 -1 -1 -1 
55 5 477 150 62 59 -1 -1 -1 -1 
55 13 556 305 81 80 -1 -1 -1 -1 
55 15 526 139 34 119 -1 -1 -1 -1 
55 16 605 324 16 50 -1 -1 -1 -1 
56 5 476 152 64 57 -1 -1 -1 -1 
56 13 556 305 81 80 -1 -1 -1 -1 
56 15 526 139 34 111 -1 -1 -1 -1 
56 16 605 324 16 50 -1 -1 -1 -1 
57 5 477 149 62 60 -1 -1 -1 -1 
57 15 526 139 34 110 -1 -1 -1 -1 
57 20 428 251 142 147 -1 -1 -1 -1 
58 5 477 153 77 63 -1 -1 -1 -1 
58 15 527 140 32 70 -1 -1 -1 -1 
58 20 430 237 150 164 -1 -1 -1 -1 
58 24 581 201 58 174 -1 -1 -1 -1 
59 5 471 152 61 58 -1 -1 -1 -1 
59 15 522 138 38 117 -1 -1 -1 -1 
59 20 446 256 145 143 -1 -1 -1 -1 
59 24 580 199 59 166 -1 -1 -1 -1 
60 5 476 151 58 60 -1 -1 -1 -1 
60 15 525 138 34 118 -1 -1 -1 -1 
60 20 439 252 166 146 -1 -1 -1 -1 
60 24 590 201 49 118 -1 -1 -1 -1 
61 5 476 153 61 58 -1 -1 -1 -1 
61 15 526 139 33 84 -1 -1 -1 -1 
61 20 430 243 153 156 -1 -1 -1 -1 
61 24 581 200 58 174 -1 -1 -1 -1 
62 5 477 151 77 80 -1 -1 -1 -1 
62 15 526 139 33 84 -1 -1 -1 -1 
62 20 431 243 133 158 -1 -1 -1 -1 
63 5 476 152 63 58 -1 -1 -1 -1 
63 20 430 246 133 153 -1 -1 -1 -1 
63 24 580 198 59 178 -1 -1 -1 -1 
64 5 477 152 57 58 -1 -1 -1 -1 
64 15 525 139 34 94 -1 -1 -1 -1 
64 20 429 246 135 154 -1 -1 -1 -1 
64 24 581 198 58 179 -1 -1 -1 -1 
65 4 587 200 52 102 -1 -1 -1 -1 
65 5 477 153 55 55 -1 -1 -1 -1 
65 15 524 139 35 108 -1 -1 -1 -1 
65 20 434 249 129 152 -1 -1 -1 -1 
66 4 587 200 52 102 -1 -1 -1 -1 
66 5 477 152 60 56 -1 -1 -1 -1 
66 15 528 129 35 82 -1 -1 -1 -1 
66 20 432 250 131 151 -1 -1 -1 -1 
67 5 476 150 64 58 -1 -1 -1 -1 
67 15 531 129 35 114 -1 -1 -1 -1 
67 20 433 249 131 152 -1 -1 -1 -1 
67 24 585 200 54 147 -1 -1 -1 -1 
68 4 587 200 52 104 -1 -1 -1 -1 
68 5 477 151 61 58 -1 -1 -1 -1 
68 15 531 131 35 120 -1 -1 -1 -1 
68 20 455 263 106 135 -1 -1 -1 -1 
68 24 585 200 54 147 -1 -1 -1 -1 
69 4 587 199 52 108 -1 -1 -1 -1 
69 5 477 150 64 60 -1 -1 -1 -1 
69 15 526 135 36 92 -1 -1 -1 -1 
69 20 467 260 94 142 -1 -1 -1 -1 
70 4 586 199 53 108 -1 -1 -1 -1 
70 5 477 150 63 60 -1 -1 -1 -1 
70 13 556 310 82 81 -1 -1 -1 -1 
70 15 525 135 36 80 -1 -1 -1 -1 
70 20 463 259 98 143 -1 -1 -1 -1 
71 4 587 200 52 109 -1 -1 -1 -1 
71 5 479 149 63 60 -1 -1 -1 -1 
71 13 555 309 81 82 -1 -1 -1 -1 
71 15 525 135 36 80 -1 -1 -1 -1 
72 4 586 200 53 107 -1 -1 -1 -1 
72 5 447 145 84 93 -1 -1 -1 -1 
72 13 561 302 74 87 -1 -1 -1 -1 
72 20 468 255 95 144 -1 -1 -1 -1 
73 4 585 200 54 104 -1 -1 -1 -1 
73 5 446 146 85 86 -1 -1 -1 -1 
73 13 561 300 74 90 -1 -1 -1 -1 
73 20 454 251 109 149 -1 -1 -1 -1 
74 4 586 199 53 102 -1 -1 -1 -1 
74 5 450 145 83 90 -1 -1 -1 -1 
74 13 557 305 76 86 -1 -1 -1 -1 
74 20 467 253 96 147 -1 -1 -1 -1 
74 28 523 132 37 103 -1 -1 -1 -1 
75 4 586 199 53 102 -1 -1 -1 -1 
75 5 451 144 88 98 -1 -1 -1 -1 
75 13 556 309 79 82 -1 -1 -1 -1 
75 20 471 253 92 147 -1 -1 -1 -1 
76 5 450 145 87 94 -1 -1 -1 -1 
76 13 558 305 77 86 -1 -1 -1 -1 
76 20 472 253 91 147 -1 -1 -1 -1 
76 28 524 133 36 93 -1 -1 -1 -1 
77 5 472 145 66 65 -1 -1 -1 -1 
77 13 556 309 76 82 -1 -1 -1 -1 
77 20 471 254 92 146 -1 -1 -1 -1 
77 28 523 129 37 104 -1 -1 -1 -1 
78 5 478 150 57 61 -1 -1 -1 -1 
78 13 557 302 80 90 -1 -1 -1 -1 
78 20 471 253 92 147 -1 -1 -1 -1 
78 28 527 126 38 128 -1 -1 -1 -1 
79 4 587 201 52 103 -1 -1 -1 -1 
79 5 476 148 56 62 -1 -1 -1 -1 
79 13 556 308 71 84 -1 -1 -1 -1 
79 20 452 252 109 149 -1 -1 -1 -1 
79 28 527 128 38 130 -1 -1 -1 -1 
80 4 587 200 52 95 -1 -1 -1 -1 
80 5 477 149 58 61 -1 -1 -1 -1 
80 13 553 309 76 82 -1 -1 -1 -1 
80 20 459 252 101 148 -1 -1 -1 -1 
80 28 528 128 35 122 -1 -1 -1 -1 
81 4 587 200 52 123 -1 -1 -1 -1 
81 5 476 150 60 60 -1 -1 -1 -1 
81 13 555 308 77 85 -1 -1 -1 -1 
81 20 460 256 100 143 -1 -1 -1 -1 
82 4 588 200 51 113 -1 -1 -1 -1 
82 5 476 150 56 59 -1 -1 -1 -1 
82 13 554 309 66 83 -1 -1 -1 -1 
82 20 459 257 101 141 -1 -1 -1 -1 
83 4 587 203 52 123 -1 -1 -1 -1 
83 5 477 150 54 60 -1 -1 -1 -1 
83 13 554 309 66 86 -1 -1 -1 -1 
83 20 460 254 100 147 -1 -1 -1 -1 
84 4 588 203 51 94 -1 -1 -1 -1 
84 5 477 150 54 60 -1 -1 -1 -1 
84 13 554 309 66 86 -1 -1 -1 -1 
85 4 587 203 52 86 -1 -1 -1 -1 
85 5 477 150 56 60 -1 -1 -1 -1 
86 4 587 201 52 103 -1 -1 -1 -1 
86 5 476 150 59 63 -1 -1 -1 -1 
86 20 457 239 103 161 -1 -1 -1 -1 
87 4 587 203 52 96 -1 -1 -1 -1 
87 5 476 150 58 62 -1 -1 -1 -1 
87 20 462 242 102 158 -1 -1 -1 -1 
88 4 586 201 53 97 -1 -1 -1 -1 
88 5 476 150 62 64 -1 -1 -1 -1 
88 20 465 242 99 160 -1 -1 -1 -1 
89 4 586 203 53 81 -1 -1 -1 -1 
89 5 477 150 59 63 -1 -1 -1 -1 
89 13 552 310 80 82 -1 -1 -1 -1 
89 15 524 130 35 93 -1 -1 -1 -1 
89 20 468 241 95 159 -1 -1 -1 -1 
90 4 586 200 53 95 -1 -1 -1 -1 
90 5 477 150 59 63 -1 -1 -1 -1 
90 13 554 309 80 82 -1 -1 -1 -1 
90 15 524 131 35 88 -1 -1 -1 -1 
90 20 468 240 94 159 -1 -1 -1 -1 
91 4 586 201 53 90 -1 -1 -1 -1 
91 5 477 150 56 61 -1 -1 -1 -1 
91 13 554 308 79 83 -1 -1 -1 -1 
91 15 524 131 35 88 -1 -1 -1 -1 
91 20 466 241 97 159 -1 -1 -1 -1 
92 4 586 201 53 88 -1 -1 -1 -1 
92 5 477 150 56 61 -1 -1 -1 -1 
92 13 555 307 79 85 -1 -1 -1 -1 
92 15 524 131 35 93 -1 -1 -1 -1 
92 20 466 242 98 158 -1 -1 -1 -1 
93 4 586 201 53 86 -1 -1 -1 -1 
93 5 477 150 57 61 -1 -1 -1 -1 
93 13 555 306 81 86 -1 -1 -1 -1 
93 15 524 131 35 94 -1 -1 -1 -1 
93 20 467 242 97 159 -1 -1 -1 -1 
94 4 585 201 54 90 -1 -1 -1 -1 
94 5 477 150 57 60 -1 -1 -1 -1 
94 13 555 306 81 86 -1 -1 -1 -1 
94 15 524 131 35 94 -1 -1 -1 -1 
95 4 586 202 53 84 -1 -1 -1 -1 
95 5 474 151 60 59 -1 -1 -1 -1 
95 13 557 304 78 87 -1 -1 -1 -1 
95 20 462 237 96 150 -1 -1 -1 -1 
95 28 523 131 36 79 -1 -1 -1 -1 
96 4 588 202 51 78 -1 -1 -1 -1 
96 5 474 151 64 60 -1 -1 -1 -1 
96 13 552 309 86 82 -1 -1 -1 -1 
96 20 455 237 102 161 -1 -1 -1 -1 
96 28 524 132 35 78 -1 -1 -1 -1 
97 4 588 202 51 81 -1 -1 -1 -1 
97 5 477 150 56 61 -1 -1 -1 -1 
97 13 552 300 84 89 -1 -1 -1 -1 
97 15 525 133 34 98 -1 -1 -1 -1 
97 20 456 243 103 157 -1 -1 -1 -1 
98 4 588 202 51 81 -1 -1 -1 -1 
98 5 476 148 57 62 -1 -1 -1 -1 
98 13 555 301 84 89 -1 -1 -1 -1 
98 15 522 133 37 89 -1 -1 -1 -1 
99 5 470 147 60 62 -1 -1 -1 -1 
99 13 555 301 84 89 -1 -1 -1 -1 
99 15 510 124 56 145 -1 -1 -1 -1 
100 5 468 150 52 56 -1 -1 -1 -1 
100 15 517 130 50 141 -1 -1 -1 -1 
100 20 439 266 128 131 -1 -1 -1 -1 
101 5 468 149 58 59 -1 -1 -1 -1 
101 15 525 131 40 136 -1 -1 -1 -1 
101 20 432 266 134 131 -1 -1 -1 -1 
102 5 469 147 66 63 -1 -1 -1 -1 
102 15 519 135 45 58 -1 -1 -1 -1 
102 20 439 266 128 131 -1 -1 -1 -1 
102 32 561 304 78 80 -1 -1 -1 -1 
103 5 470 147 73 66 -1 -1 -1 -1 
103 15 528 137 34 61 -1 -1 -1 -1 
103 20 448 265 115 132 -1 -1 -1 -1 
103 32 553 296 85 97 -1 -1 -1 -1 
104 5 470 147 67 64 -1 -1 -1 -1 
104 15 525 138 37 59 -1 -1 -1 -1 
104 20 449 265 112 132 -1 -1 -1 -1 
104 32 555 298 68 93 -1 -1 -1 -1 
105 5 470 147 69 63 -1 -1 -1 -1 
105 15 525 138 37 59 -1 -1 -1 -1 
105 20 440 267 123 130 -1 -1 -1 -1 
106 5 470 147 63 63 -1 -1 -1 -1 
106 20 430 266 136 133 -1 -1 -1 -1 
106 32 560 296 70 91 -1 -1 -1 -1 
107 5 469 146 69 65 -1 -1 -1 -1 
107 20 429 267 137 131 -1 -1 -1 -1 
107 32 559 300 69 87 -1 -1 -1 -1 
108 5 468 144 90 68 -1 -1 -1 -1 
108 20 433 266 134 130 -1 -1 -1 -1 
108 32 559 302 66 82 -1 -1 -1 -1 
109 5 468 148 70 61 -1 -1 -1 -1 
109 20 435 266 131 131 -1 -1 -1 -1 
109 32 559 301 65 83 -1 -1 -1 -1 
110 5 467 148 77 86 -1 -1 -1 -1 
110 20 431 261 134 137 -1 -1 -1 -1 
110 32 558 302 67 83 -1 -1 -1 -1 
111 5 468 147 74 74 -1 -1 -1 -1 
111 20 454 249 110 148 -1 -1 -1 -1 
111 32 559 306 65 79 -1 -1 -1 -1 
112 5 469 148 72 71 -1 -1 -1 -1 
112 20 459 246 105 152 -1 -1 -1 -1 
112 32 559 305 65 79 -1 -1 -1 -1 
113 5 469 149 73 69 -1 -1 -1 -1 
113 20 457 246 107 153 -1 -1 -1 -1 
113 32 559 304 66 81 -1 -1 -1 -1 
114 5 470 150 70 59 -1 -1 -1 -1 
114 20 458 252 106 149 -1 -1 -1 -1 
114 32 559 302 65 83 -1 -1 -1 -1 
115 5 467 150 77 68 -1 -1 -1 -1 
115 20 462 255 103 145 -1 -1 -1 -1 
115 32 559 301 66 87 -1 -1 -1 -1 
116 5 468 150 73 59 -1 -1 -1 -1 
116 20 429 262 139 135 -1 -1 -1 -1 
116 32 559 303 65 87 -1 -1 -1 -1 
116 36 530 132 37 114 -1 -1 -1 -1 
117 5 468 150 78 62 -1 -1 -1 -1 
117 20 430 265 145 133 -1 -1 -1 -1 
117 32 558 286 67 107 -1 -1 -1 -1 
118 4 588 200 51 92 -1 -1 -1 -1 
118 5 469 150 62 60 -1 -1 -1 -1 
118 20 449 268 131 132 -1 -1 -1 -1 
118 32 561 300 63 90 -1 -1 -1 -1 
119 4 586 197 53 108 -1 -1 -1 -1 
119 5 469 150 62 60 -1 -1 -1 -1 
119 20 469 254 96 148 -1 -1 -1 -1 
120 4 587 199 52 78 -1 -1 -1 -1 
120 20 454 249 112 150 -1 -1 -1 -1 
120 32 558 304 66 87 -1 -1 -1 -1 
121 4 588 198 51 99 -1 -1 -1 -1 
121 20 430 265 136 136 -1 -1 -1 -1 
121 32 558 299 68 91 -1 -1 -1 -1 
122 4 588 199 51 99 -1 -1 -1 -1 
122 20 430 264 136 136 -1 -1 -1 -1 
122 32 559 300 66 90 -1 -1 -1 -1 
123 4 588 199 51 100 -1 -1 -1 -1 
123 20 429 263 136 136 -1 -1 -1 -1 
123 32 558 301 68 89 -1 -1 -1 -1 
123 38 472 150 68 57 -1 -1 -1 -1 
124 4 594 200 45 62 -1 -1 -1 -1 
124 20 430 263 136 136 -1 -1 -1 -1 
124 32 558 298 67 89 -1 -1 -1 -1 
124 38 475 149 82 89 -1 -1 -1 -1 
125 4 588 200 51 91 -1 -1 -1 -1 
125 5 475 150 66 59 -1 -1 -1 -1 
125 20 429 269 136 129 -1 -1 -1 -1 
125 32 557 299 68 90 -1 -1 -1 -1 
125 38 475 149 82 89 -1 -1 -1 -1 
126 4 589 201 50 98 -1 -1 -1 -1 
126 5 475 148 87 98 -1 -1 -1 -1 
126 20 428 268 138 132 -1 -1 -1 -1 
126 32 558 297 68 94 -1 -1 -1 -1 
127 4 589 201 50 86 -1 -1 -1 -1 
127 5 475 148 85 80 -1 -1 -1 -1 
127 20 428 268 138 131 -1 -1 -1 -1 
127 32 558 300 67 90 -1 -1 -1 -1 
128 4 590 202 49 86 -1 -1 -1 -1 
128 5 475 151 63 58 -1 -1 -1 -1 
128 20 428 267 138 132 -1 -1 -1 -1 
128 32 558 301 67 87 -1 -1 -1 -1 
129 4 590 202 49 86 -1 -1 -1 -1 
129 5 475 149 63 61 -1 -1 -1 -1 
129 20 428 267 138 132 -1 -1 -1 -1 
130 5 471 147 64 62 -1 -1 -1 -1 
130 20 428 266 137 134 -1 -1 -1 -1 
130 32 558 302 66 87 -1 -1 -1 -1 
131 5 466 149 46 60 -1 -1 -1 -1 
131 20 433 267 133 130 -1 -1 -1 -1 
131 32 558 302 66 86 -1 -1 -1 -1 
132 4 589 200 50 96 -1 -1 -1 -1 
132 5 465 149 49 62 -1 -1 -1 -1 
132 20 432 266 135 132 -1 -1 -1 -1 
132 32 558 302 67 85 -1 -1 -1 -1 
133 4 589 202 50 92 -1 -1 -1 -1 
133 5 466 149 46 60 -1 -1 -1 -1 
133 20 432 266 135 132 -1 -1 -1 -1 
133 32 556 296 73 93 -1 -1 -1 -1 
134 4 588 201 51 94 -1 -1 -1 -1 
134 5 467 148 69 64 -1 -1 -1 -1 
134 20 428 264 136 136 -1 -1 -1 -1 
134 32 557 302 82 90 -1 -1 -1 -1 
135 4 588 202 51 95 -1 -1 -1 -1 
135 5 470 149 65 61 -1 -1 -1 -1 
135 20 428 262 146 139 -1 -1 -1 -1 
136 4 588 202 51 88 -1 -1 -1 -1 
136 5 469 148 80 63 -1 -1 -1 -1 
136 20 428 263 137 137 -1 -1 -1 -1 
137 4 588 202 51 93 -1 -1 -1 -1 
137 5 469 148 60 60 -1 -1 -1 -1 
137 20 428 262 137 140 -1 -1 -1 -1 
138 4 588 202 51 95 -1 -1 -1 -1 
138 5 469 151 78 62 -1 -1 -1 -1 
138 20 428 263 134 139 -1 -1 -1 -1 
139 4 588 205 51 87 -1 -1 -1 -1 
139 5 472 151 86 63 -1 -1 -1 -1 
139 20 428 262 135 138 -1 -1 -1 -1 
140 4 587 204 52 92 -1 -1 -1 -1 
140 5 472 150 82 64 -1 -1 -1 -1 
140 20 428 263 135 137 -1 -1 -1 -1 
141 4 587 204 52 92 -1 -1 -1 -1 
141 5 472 151 92 89 -1 -1 -1 -1 
141 20 428 263 135 137 -1 -1 -1 -1 
142 5 471 151 94 90 -1 -1 -1 -1 
142 20 428 263 135 137 -1 -1 -1 -1 
142 45 547 299 92 94 -1 -1 -1 -1 
143 5 472 149 92 73 -1 -1 -1 -1 
143 20 429 261 140 140 -1 -1 -1 -1 
144 4 589 203 50 102 -1 -1 -1 -1 
144 5 471 150 63 62 -1 -1 -1 -1 
144 20 430 261 141 139 -1 -1 -1 -1 
145 4 590 207 49 98 -1 -1 -1 -1 
145 5 471 151 59 59 -1 -1 -1 -1 
145 20 429 260 130 137 -1 -1 -1 -1 
146 4 590 207 49 92 -1 -1 -1 -1 
146 5 473 151 61 60 -1 -1 -1 -1 
146 20 429 260 132 140 -1 -1 -1 -1 
146 46 530 132 41 78 -1 -1 -1 -1 
147 4 590 207 49 92 -1 -1 -1 -1 
147 5 471 150 80 66 -1 -1 -1 -1 
147 20 429 259 134 140 -1 -1 -1 -1 
148 5 472 151 58 59 -1 -1 -1 -1 
148 20 428 259 135 140 -1 -1 -1 -1 
148 46 530 127 45 121 -1 -1 -1 -1 
149 5 472 151 58 59 -1 -1 -1 -1 
149 20 427 264 137 136 -1 -1 -1 -1 
150 4 589 209 50 96 -1 -1 -1 -1 
150 20 429 266 135 131 -1 -1 -1 -1 
151 4 589 209 50 96 -1 -1 -1 -1 
151 20 429 267 140 132 -1 -1 -1 -1 
151 48 526 123 39 68 -1 -1 -1 -1 
152 5 474 151 58 61 -1 -1 -1 -1 
152 20 433 267 138 132 -1 -1 -1 -1 
152 48 523 119 41 151 -1 -1 -1 -1 
153 4 585 200 54 119 -1 -1 -1 -1 
153 5 473 149 59 61 -1 -1 -1 -1 
153 20 429 267 140 132 -1 -1 -1 -1 
153 48 529 123 34 140 -1 -1 -1 -1 
154 4 590 199 49 108 -1 -1 -1 -1 
154 5 474 149 60 59 -1 -1 -1 -1 
154 20 429 268 134 129 -1 -1 -1 -1 
154 48 529 123 34 140 -1 -1 -1 -1 
