22 1 556 109 82 366 -1 -1 -1 -1 
23 1 511 117 110 354 -1 -1 -1 -1 
24 1 492 120 112 354 -1 -1 -1 -1 
25 1 486 115 113 361 -1 -1 -1 -1 
26 1 476 104 106 370 -1 -1 -1 -1 
27 1 467 101 112 372 -1 -1 -1 -1 
28 1 484 102 105 372 -1 -1 -1 -1 
29 1 486 106 117 370 -1 -1 -1 -1 
30 1 467 110 123 365 -1 -1 -1 -1 
31 1 445 101 103 363 -1 -1 -1 -1 
32 1 431 104 95 348 -1 -1 -1 -1 
33 1 405 101 91 367 -1 -1 -1 -1 
34 1 364 105 96 347 -1 -1 -1 -1 
35 1 338 105 87 348 -1 -1 -1 -1 
36 1 296 106 89 250 -1 -1 -1 -1 
37 1 280 101 102 344 -1 -1 -1 -1 
38 1 259 96 112 328 -1 -1 -1 -1 
39 1 259 96 112 328 -1 -1 -1 -1 
41 5 375 84 95 394 -1 -1 -1 -1 
42 5 375 84 95 394 -1 -1 -1 -1 
45 8 523 94 116 376 -1 -1 -1 -1 
46 8 550 97 89 375 -1 -1 -1 -1 
47 8 567 92 72 381 -1 -1 -1 -1 
47 10 606 293 33 65 -1 -1 -1 -1 
48 8 570 101 69 372 -1 -1 -1 -1 
49 8 577 106 62 367 -1 -1 -1 -1 
50 8 579 100 60 377 -1 -1 -1 -1 
61 12 496 133 91 338 -1 -1 -1 -1 
62 12 458 104 90 349 -1 -1 -1 -1 
63 12 382 96 116 382 -1 -1 -1 -1 
64 12 335 98 112 379 -1 -1 -1 -1 
65 12 280 97 120 381 -1 -1 -1 -1 
66 12 224 95 123 358 -1 -1 -1 -1 
67 12 208 97 88 368 -1 -1 -1 -1 
68 12 201 109 79 357 -1 -1 -1 -1 
69 12 173 105 95 363 -1 -1 -1 -1 
69 14 383 294 27 44 -1 -1 -1 -1 
70 12 146 110 117 356 -1 -1 -1 -1 
70 14 383 294 27 44 -1 -1 -1 -1 
71 12 163 110 97 361 -1 -1 -1 -1 
71 14 383 294 27 44 -1 -1 -1 -1 
72 12 163 110 97 361 -1 -1 -1 -1 
72 14 384 292 27 43 -1 -1 -1 -1 
73 14 384 293 27 43 -1 -1 -1 -1 
74 14 373 290 37 52 -1 -1 -1 -1 
75 14 373 290 37 52 -1 -1 -1 -1 
76 14 384 295 26 43 -1 -1 -1 -1 
77 14 383 294 27 45 -1 -1 -1 -1 
78 14 383 294 27 45 -1 -1 -1 -1 
79 8 541 105 98 366 -1 -1 -1 -1 
80 8 578 94 61 380 -1 -1 -1 -1 
81 8 579 97 60 378 -1 -1 -1 -1 
82 8 580 104 59 370 -1 -1 -1 -1 
105 23 505 135 117 335 -1 -1 -1 -1 
106 23 480 121 94 339 -1 -1 -1 -1 
107 23 421 93 108 375 -1 -1 -1 -1 
108 23 383 96 121 382 -1 -1 -1 -1 
109 23 362 100 106 376 -1 -1 -1 -1 
110 23 366 98 99 379 -1 -1 -1 -1 
111 23 366 98 99 379 -1 -1 -1 -1 
114 26 383 293 28 43 -1 -1 -1 -1 
114 27 550 105 88 369 -1 -1 -1 -1 
115 26 384 293 27 40 -1 -1 -1 -1 
115 27 571 102 68 371 -1 -1 -1 -1 
116 26 384 293 27 40 -1 -1 -1 -1 
126 29 592 133 47 341 -1 -1 -1 -1 
127 29 590 130 49 346 -1 -1 -1 -1 
128 29 590 126 49 351 -1 -1 -1 -1 
129 29 591 121 48 355 -1 -1 -1 -1 
130 29 591 116 48 360 -1 -1 -1 -1 
131 29 590 116 49 361 -1 -1 -1 -1 
132 29 590 118 49 359 -1 -1 -1 -1 
133 29 590 119 49 358 -1 -1 -1 -1 
134 29 590 121 49 356 -1 -1 -1 -1 
135 29 590 121 49 356 -1 -1 -1 -1 
136 29 589 124 50 353 -1 -1 -1 -1 
137 29 588 124 51 353 -1 -1 -1 -1 
138 29 588 122 51 355 -1 -1 -1 -1 
139 29 588 121 51 356 -1 -1 -1 -1 
140 29 587 123 52 353 -1 -1 -1 -1 
141 29 587 121 52 355 -1 -1 -1 -1 
142 29 587 122 52 353 -1 -1 -1 -1 
143 29 586 125 53 350 -1 -1 -1 -1 
144 29 587 126 52 350 -1 -1 -1 -1 
145 29 587 126 52 350 -1 -1 -1 -1 
146 29 590 125 49 351 -1 -1 -1 -1 
147 29 588 124 51 352 -1 -1 -1 -1 
148 29 588 123 51 352 -1 -1 -1 -1 
149 29 589 122 50 354 -1 -1 -1 -1 
150 29 589 122 50 353 -1 -1 -1 -1 
151 29 589 123 50 352 -1 -1 -1 -1 
152 29 589 125 50 350 -1 -1 -1 -1 
153 29 588 122 51 355 -1 -1 -1 -1 
154 29 588 122 51 355 -1 -1 -1 -1 
155 29 588 122 51 355 -1 -1 -1 -1 
156 29 588 123 51 353 -1 -1 -1 -1 
169 30 592 114 47 362 -1 -1 -1 -1 
170 30 592 113 47 363 -1 -1 -1 -1 
171 30 593 113 46 363 -1 -1 -1 -1 
172 30 592 112 47 364 -1 -1 -1 -1 
173 30 592 112 47 364 -1 -1 -1 -1 
174 30 593 112 46 365 -1 -1 -1 -1 
175 30 594 110 45 365 -1 -1 -1 -1 
176 30 593 111 46 363 -1 -1 -1 -1 
177 30 593 111 46 363 -1 -1 -1 -1 
178 30 593 111 46 363 -1 -1 -1 -1 
179 30 593 111 46 363 -1 -1 -1 -1 
180 30 593 111 46 363 -1 -1 -1 -1 
181 30 594 110 45 364 -1 -1 -1 -1 
182 30 593 109 46 364 -1 -1 -1 -1 
183 30 594 110 45 363 -1 -1 -1 -1 
184 30 594 111 45 366 -1 -1 -1 -1 
185 30 595 109 44 365 -1 -1 -1 -1 
186 30 593 100 46 374 -1 -1 -1 -1 
187 30 594 74 45 397 -1 -1 -1 -1 
188 30 594 91 45 380 -1 -1 -1 -1 
189 30 594 95 45 370 -1 -1 -1 -1 
190 30 594 97 45 366 -1 -1 -1 -1 
191 30 595 99 44 365 -1 -1 -1 -1 
192 30 595 98 44 366 -1 -1 -1 -1 
193 30 595 98 44 365 -1 -1 -1 -1 
194 30 594 97 45 369 -1 -1 -1 -1 
195 30 594 100 45 362 -1 -1 -1 -1 
196 30 594 100 45 362 -1 -1 -1 -1 
197 30 594 101 45 360 -1 -1 -1 -1 
198 30 595 103 44 355 -1 -1 -1 -1 
199 30 594 116 45 358 -1 -1 -1 -1 
