32 6 543 19 88 360 -1 -1 -1 -1 
33 6 544 24 83 361 -1 -1 -1 -1 
34 6 544 24 81 347 -1 -1 -1 -1 
35 6 544 25 79 341 -1 -1 -1 -1 
36 6 546 28 72 334 -1 -1 -1 -1 
37 6 546 27 73 337 -1 -1 -1 -1 
38 6 546 27 72 332 -1 -1 -1 -1 
39 6 546 25 71 341 -1 -1 -1 -1 
42 6 548 15 73 342 -1 -1 -1 -1 
43 6 547 22 80 349 -1 -1 -1 -1 
44 6 547 21 81 356 -1 -1 -1 -1 
45 6 547 20 81 358 -1 -1 -1 -1 
46 6 548 21 81 366 -1 -1 -1 -1 
47 6 547 21 82 365 -1 -1 -1 -1 
48 6 547 21 83 380 -1 -1 -1 -1 
50 6 546 11 74 331 -1 -1 -1 -1 
60 9 394 1 87 239 -1 -1 -1 -1 
61 9 363 1 93 287 -1 -1 -1 -1 
62 9 362 1 89 289 -1 -1 -1 -1 
63 9 356 8 117 352 -1 -1 -1 -1 
64 9 341 28 101 354 -1 -1 -1 -1 
65 9 337 38 102 340 -1 -1 -1 -1 
66 9 339 36 98 342 -1 -1 -1 -1 
67 9 360 29 84 352 -1 -1 -1 -1 
68 9 360 29 84 352 -1 -1 -1 -1 
97 14 463 193 50 83 -1 -1 -1 -1 
127 14 463 194 50 82 -1 -1 -1 -1 
154 14 463 194 50 82 -1 -1 -1 -1 
155 14 463 193 49 83 -1 -1 -1 -1 
156 14 463 193 49 83 -1 -1 -1 -1 
158 14 463 194 50 82 -1 -1 -1 -1 
171 19 341 23 97 303 -1 -1 -1 -1 
172 19 344 47 93 339 -1 -1 -1 -1 
173 19 323 83 117 312 -1 -1 -1 -1 
174 19 287 131 153 284 -1 -1 -1 -1 
175 19 326 159 130 317 -1 -1 -1 -1 
176 19 326 159 130 317 -1 -1 -1 -1 
187 14 463 194 50 83 -1 -1 -1 -1 
188 14 463 195 50 81 -1 -1 -1 -1 
215 14 463 194 50 82 -1 -1 -1 -1 
217 14 463 193 50 83 -1 -1 -1 -1 
218 14 463 194 50 82 -1 -1 -1 -1 
219 14 463 195 50 81 -1 -1 -1 -1 
247 14 463 194 49 82 -1 -1 -1 -1 
248 14 463 193 49 83 -1 -1 -1 -1 
249 14 463 193 50 83 -1 -1 -1 -1 
250 14 463 194 50 82 -1 -1 -1 -1 
278 14 463 195 49 80 -1 -1 -1 -1 
279 14 463 193 43 107 -1 -1 -1 -1 
280 14 463 193 43 107 -1 -1 -1 -1 
342 29 463 195 50 81 -1 -1 -1 -1 
343 29 463 196 50 80 -1 -1 -1 -1 
371 29 463 194 49 82 -1 -1 -1 -1 
373 29 463 193 50 83 -1 -1 -1 -1 
374 29 463 194 50 82 -1 -1 -1 -1 
401 29 463 193 51 84 -1 -1 -1 -1 
403 29 463 193 50 83 -1 -1 -1 -1 
404 29 463 194 51 82 -1 -1 -1 -1 
405 29 463 194 50 83 -1 -1 -1 -1 
432 29 463 193 50 84 -1 -1 -1 -1 
433 29 463 194 50 83 -1 -1 -1 -1 
435 29 463 194 50 82 -1 -1 -1 -1 
462 29 463 194 50 83 -1 -1 -1 -1 
464 29 463 194 50 82 -1 -1 -1 -1 
465 29 463 194 50 82 -1 -1 -1 -1 
466 29 463 194 51 82 -1 -1 -1 -1 
491 29 463 193 50 83 -1 -1 -1 -1 
492 29 463 194 50 82 -1 -1 -1 -1 
520 29 463 194 49 82 -1 -1 -1 -1 
521 29 463 193 49 83 -1 -1 -1 -1 
522 29 463 194 49 82 -1 -1 -1 -1 
523 29 463 195 50 81 -1 -1 -1 -1 
546 38 315 19 105 320 -1 -1 -1 -1 
547 38 284 38 120 301 -1 -1 -1 -1 
548 38 278 42 138 292 -1 -1 -1 -1 
549 38 295 30 127 301 -1 -1 -1 -1 
550 38 318 18 107 319 -1 -1 -1 -1 
551 38 318 17 104 322 -1 -1 -1 -1 
552 38 315 19 107 319 -1 -1 -1 -1 
553 38 315 19 106 320 -1 -1 -1 -1 
554 38 316 19 106 320 -1 -1 -1 -1 
555 38 316 18 106 320 -1 -1 -1 -1 
556 38 328 12 101 326 -1 -1 -1 -1 
557 38 348 7 105 317 -1 -1 -1 -1 
558 38 386 3 85 313 -1 -1 -1 -1 
559 38 386 3 85 313 -1 -1 -1 -1 
614 43 463 194 50 82 -1 -1 -1 -1 
615 43 463 195 51 80 -1 -1 -1 -1 
639 43 463 194 50 82 -1 -1 -1 -1 
640 43 463 193 50 83 -1 -1 -1 -1 
641 43 463 194 50 82 -1 -1 -1 -1 
642 43 463 195 50 81 -1 -1 -1 -1 
704 44 463 193 50 84 -1 -1 -1 -1 
705 44 463 194 50 82 -1 -1 -1 -1 
706 44 463 196 51 79 -1 -1 -1 -1 
734 44 463 194 50 82 -1 -1 -1 -1 
735 44 463 194 50 82 -1 -1 -1 -1 
736 44 463 195 50 81 -1 -1 -1 -1 
766 44 463 194 49 82 -1 -1 -1 -1 
794 44 463 194 50 83 -1 -1 -1 -1 
796 44 463 194 50 83 -1 -1 -1 -1 
797 44 463 194 50 82 -1 -1 -1 -1 
827 44 463 193 50 83 -1 -1 -1 -1 
828 44 463 194 50 82 -1 -1 -1 -1 
856 44 463 194 49 83 -1 -1 -1 -1 
857 44 463 194 50 82 -1 -1 -1 -1 
887 44 463 193 50 84 -1 -1 -1 -1 
888 44 463 195 49 81 -1 -1 -1 -1 
