6 4 477 175 162 286 -1 -1 -1 -1 
7 4 479 199 160 239 -1 -1 -1 -1 
7 5 511 127 56 77 -1 -1 -1 -1 
8 4 470 177 167 263 -1 -1 -1 -1 
8 5 517 124 48 70 -1 -1 -1 -1 
9 4 471 210 166 218 -1 -1 -1 -1 
9 5 501 121 64 73 -1 -1 -1 -1 
9 7 370 84 104 247 -1 -1 -1 -1 
10 4 464 217 175 203 -1 -1 -1 -1 
10 5 506 123 59 66 -1 -1 -1 -1 
10 7 346 66 85 268 -1 -1 -1 -1 
11 4 470 206 169 218 -1 -1 -1 -1 
11 5 500 128 57 55 -1 -1 -1 -1 
11 7 302 73 97 304 -1 -1 -1 -1 
12 4 473 205 166 219 -1 -1 -1 -1 
12 5 473 115 69 67 -1 -1 -1 -1 
12 7 260 81 116 301 -1 -1 -1 -1 
13 4 476 201 163 228 -1 -1 -1 -1 
13 5 473 115 69 67 -1 -1 -1 -1 
14 4 478 193 161 238 -1 -1 -1 -1 
14 7 142 89 88 303 -1 -1 -1 -1 
15 4 480 191 159 232 -1 -1 -1 -1 
15 7 96 91 107 289 -1 -1 -1 -1 
16 4 479 153 160 287 -1 -1 -1 -1 
16 7 59 83 93 292 -1 -1 -1 -1 
17 4 479 213 160 198 -1 -1 -1 -1 
17 7 48 72 65 244 -1 -1 -1 -1 
18 4 478 187 161 240 -1 -1 -1 -1 
18 7 48 72 65 244 -1 -1 -1 -1 
19 4 479 147 159 313 -1 -1 -1 -1 
19 8 538 131 43 125 -1 -1 -1 -1 
20 4 479 181 160 271 -1 -1 -1 -1 
20 8 536 132 49 122 -1 -1 -1 -1 
20 9 57 46 60 209 -1 -1 -1 -1 
21 4 480 169 159 282 -1 -1 -1 -1 
21 8 536 132 49 122 -1 -1 -1 -1 
22 4 481 197 158 206 -1 -1 -1 -1 
22 9 62 41 56 214 -1 -1 -1 -1 
23 4 479 203 160 201 -1 -1 -1 -1 
23 9 63 40 52 216 -1 -1 -1 -1 
24 4 480 158 159 259 -1 -1 -1 -1 
24 9 64 35 57 217 -1 -1 -1 -1 
25 4 483 180 156 224 -1 -1 -1 -1 
25 9 54 37 69 221 -1 -1 -1 -1 
26 4 483 180 156 224 -1 -1 -1 -1 
26 9 51 45 62 218 -1 -1 -1 -1 
27 9 57 40 79 222 -1 -1 -1 -1 
28 9 73 39 65 221 -1 -1 -1 -1 
28 11 509 131 68 155 -1 -1 -1 -1 
29 9 76 41 72 217 -1 -1 -1 -1 
30 9 71 42 80 212 -1 -1 -1 -1 
31 9 77 44 103 256 -1 -1 -1 -1 
32 9 100 29 93 269 -1 -1 -1 -1 
32 13 428 137 98 253 -1 -1 -1 -1 
33 9 121 35 96 274 -1 -1 -1 -1 
33 13 367 129 129 311 -1 -1 -1 -1 
34 9 135 18 90 310 -1 -1 -1 -1 
34 13 366 121 108 335 -1 -1 -1 -1 
35 9 144 12 100 319 -1 -1 -1 -1 
35 13 364 128 132 335 -1 -1 -1 -1 
36 9 162 22 110 306 -1 -1 -1 -1 
36 13 367 138 156 309 -1 -1 -1 -1 
37 9 202 28 103 318 -1 -1 -1 -1 
37 13 371 133 164 316 -1 -1 -1 -1 
38 9 225 26 92 317 -1 -1 -1 -1 
38 13 373 134 162 294 -1 -1 -1 -1 
38 18 532 297 81 98 -1 -1 -1 -1 
39 9 259 73 72 271 -1 -1 -1 -1 
39 13 370 138 165 310 -1 -1 -1 -1 
39 18 533 290 101 105 -1 -1 -1 -1 
40 9 271 32 69 313 -1 -1 -1 -1 
40 13 375 133 161 277 -1 -1 -1 -1 
41 9 279 58 77 282 -1 -1 -1 -1 
41 13 374 132 162 303 -1 -1 -1 -1 
42 9 287 58 83 274 -1 -1 -1 -1 
42 13 373 131 163 312 -1 -1 -1 -1 
43 9 295 60 74 288 -1 -1 -1 -1 
44 9 294 63 74 292 -1 -1 -1 -1 
44 13 387 127 151 301 -1 -1 -1 -1 
45 9 287 67 74 290 -1 -1 -1 -1 
46 9 285 68 73 302 -1 -1 -1 -1 
47 9 292 63 73 275 -1 -1 -1 -1 
48 9 297 58 77 312 -1 -1 -1 -1 
49 9 295 58 77 324 -1 -1 -1 -1 
49 23 529 286 92 110 -1 -1 -1 -1 
50 9 300 60 87 325 -1 -1 -1 -1 
50 23 525 286 95 111 -1 -1 -1 -1 
51 9 326 64 68 278 -1 -1 -1 -1 
51 23 523 287 100 111 -1 -1 -1 -1 
52 9 346 71 75 271 -1 -1 -1 -1 
52 23 523 289 101 108 -1 -1 -1 -1 
53 9 346 73 80 269 -1 -1 -1 -1 
53 23 531 290 92 106 -1 -1 -1 -1 
54 9 353 65 74 277 -1 -1 -1 -1 
54 23 531 290 92 106 -1 -1 -1 -1 
55 9 353 65 74 277 -1 -1 -1 -1 
55 23 529 289 90 107 -1 -1 -1 -1 
55 28 355 131 114 326 -1 -1 -1 -1 
56 23 530 289 91 107 -1 -1 -1 -1 
56 28 354 136 112 323 -1 -1 -1 -1 
57 23 531 286 90 110 -1 -1 -1 -1 
57 28 354 129 138 328 -1 -1 -1 -1 
57 30 310 36 66 239 -1 -1 -1 -1 
58 23 531 286 90 110 -1 -1 -1 -1 
58 28 362 140 116 331 -1 -1 -1 -1 
59 28 352 141 122 332 -1 -1 -1 -1 
59 30 290 75 87 193 -1 -1 -1 -1 
60 28 345 147 107 331 -1 -1 -1 -1 
60 30 287 72 90 193 -1 -1 -1 -1 
61 28 339 158 106 317 -1 -1 -1 -1 
61 30 291 52 86 212 -1 -1 -1 -1 
62 28 340 154 105 321 -1 -1 -1 -1 
62 30 309 44 70 219 -1 -1 -1 -1 
63 28 346 157 105 319 -1 -1 -1 -1 
63 30 298 38 72 243 -1 -1 -1 -1 
64 23 529 299 92 97 -1 -1 -1 -1 
64 28 346 153 123 324 -1 -1 -1 -1 
64 30 286 45 84 257 -1 -1 -1 -1 
65 23 529 299 92 97 -1 -1 -1 -1 
65 28 349 156 118 319 -1 -1 -1 -1 
65 30 296 55 79 248 -1 -1 -1 -1 
66 28 349 156 118 319 -1 -1 -1 -1 
66 30 319 63 74 250 -1 -1 -1 -1 
67 30 311 72 71 212 -1 -1 -1 -1 
68 30 309 74 75 244 -1 -1 -1 -1 
68 34 530 240 109 163 -1 -1 -1 -1 
69 30 312 76 78 268 -1 -1 -1 -1 
69 34 531 242 108 161 -1 -1 -1 -1 
69 35 347 146 100 331 -1 -1 -1 -1 
70 30 325 73 77 259 -1 -1 -1 -1 
70 34 532 241 107 161 -1 -1 -1 -1 
70 35 349 157 115 320 -1 -1 -1 -1 
71 30 336 69 71 270 -1 -1 -1 -1 
71 34 532 247 107 152 -1 -1 -1 -1 
71 35 346 156 118 322 -1 -1 -1 -1 
72 30 341 70 74 190 -1 -1 -1 -1 
72 34 531 239 108 159 -1 -1 -1 -1 
72 35 346 157 100 322 -1 -1 -1 -1 
73 30 358 87 90 202 -1 -1 -1 -1 
73 34 523 222 102 176 -1 -1 -1 -1 
73 35 346 157 100 322 -1 -1 -1 -1 
74 30 374 96 76 122 -1 -1 -1 -1 
74 34 487 206 123 191 -1 -1 -1 -1 
75 30 374 96 76 122 -1 -1 -1 -1 
75 34 481 242 98 154 -1 -1 -1 -1 
76 34 472 179 100 216 -1 -1 -1 -1 
76 38 363 126 113 343 -1 -1 -1 -1 
77 34 475 177 97 218 -1 -1 -1 -1 
77 38 362 108 109 296 -1 -1 -1 -1 
78 34 475 178 97 220 -1 -1 -1 -1 
78 38 360 112 95 274 -1 -1 -1 -1 
79 34 476 178 97 219 -1 -1 -1 -1 
79 38 356 112 90 276 -1 -1 -1 -1 
80 34 476 177 98 220 -1 -1 -1 -1 
80 38 362 110 89 276 -1 -1 -1 -1 
81 34 474 178 100 219 -1 -1 -1 -1 
81 38 361 110 91 275 -1 -1 -1 -1 
81 42 361 145 159 327 -1 -1 -1 -1 
82 34 468 176 104 220 -1 -1 -1 -1 
82 38 361 116 88 271 -1 -1 -1 -1 
82 42 363 131 174 342 -1 -1 -1 -1 
83 34 474 176 99 218 -1 -1 -1 -1 
83 38 362 116 93 273 -1 -1 -1 -1 
83 42 364 138 164 333 -1 -1 -1 -1 
84 34 468 179 102 218 -1 -1 -1 -1 
84 38 363 117 94 264 -1 -1 -1 -1 
84 42 365 139 174 333 -1 -1 -1 -1 
85 34 468 179 102 218 -1 -1 -1 -1 
85 38 364 119 96 258 -1 -1 -1 -1 
86 38 368 116 88 209 -1 -1 -1 -1 
86 42 363 130 174 344 -1 -1 -1 -1 
87 34 477 177 95 218 -1 -1 -1 -1 
87 38 349 102 83 274 -1 -1 -1 -1 
87 42 361 140 139 332 -1 -1 -1 -1 
88 34 476 178 96 218 -1 -1 -1 -1 
88 38 327 86 75 291 -1 -1 -1 -1 
88 42 367 146 144 322 -1 -1 -1 -1 
89 34 476 177 95 220 -1 -1 -1 -1 
89 38 317 84 78 247 -1 -1 -1 -1 
89 42 361 146 158 326 -1 -1 -1 -1 
90 34 476 178 95 218 -1 -1 -1 -1 
90 38 296 90 107 310 -1 -1 -1 -1 
90 42 362 145 158 329 -1 -1 -1 -1 
91 34 474 178 97 221 -1 -1 -1 -1 
91 38 295 95 134 318 -1 -1 -1 -1 
91 42 358 142 160 332 -1 -1 -1 -1 
92 34 472 178 99 224 -1 -1 -1 -1 
92 38 256 101 157 313 -1 -1 -1 -1 
92 42 360 148 159 325 -1 -1 -1 -1 
93 34 469 178 103 224 -1 -1 -1 -1 
93 38 214 93 195 309 -1 -1 -1 -1 
93 42 358 148 168 327 -1 -1 -1 -1 
94 34 469 177 103 225 -1 -1 -1 -1 
94 38 197 118 199 350 -1 -1 -1 -1 
94 42 358 146 162 329 -1 -1 -1 -1 
95 34 467 176 105 223 -1 -1 -1 -1 
95 38 181 135 229 336 -1 -1 -1 -1 
95 42 360 147 158 326 -1 -1 -1 -1 
96 34 469 175 103 225 -1 -1 -1 -1 
96 38 165 150 229 324 -1 -1 -1 -1 
96 42 358 148 160 325 -1 -1 -1 -1 
97 34 468 176 104 223 -1 -1 -1 -1 
97 38 158 157 221 315 -1 -1 -1 -1 
97 42 359 146 152 328 -1 -1 -1 -1 
98 34 466 176 106 222 -1 -1 -1 -1 
98 38 155 162 191 311 -1 -1 -1 -1 
98 42 361 146 149 326 -1 -1 -1 -1 
99 34 471 178 101 217 -1 -1 -1 -1 
99 38 166 187 212 290 -1 -1 -1 -1 
99 42 359 146 143 327 -1 -1 -1 -1 
100 34 473 132 100 266 -1 -1 -1 -1 
100 38 205 221 232 255 -1 -1 -1 -1 
100 42 385 149 119 264 -1 -1 -1 -1 
101 34 474 134 100 263 -1 -1 -1 -1 
101 38 217 223 220 254 -1 -1 -1 -1 
101 42 387 151 117 257 -1 -1 -1 -1 
102 34 472 134 101 261 -1 -1 -1 -1 
102 38 222 228 119 248 -1 -1 -1 -1 
102 42 360 149 145 324 -1 -1 -1 -1 
103 34 473 133 101 262 -1 -1 -1 -1 
103 38 218 236 130 241 -1 -1 -1 -1 
103 42 358 153 144 319 -1 -1 -1 -1 
104 34 472 132 102 263 -1 -1 -1 -1 
104 38 215 238 138 239 -1 -1 -1 -1 
104 42 359 149 144 325 -1 -1 -1 -1 
105 34 470 131 105 267 -1 -1 -1 -1 
105 38 205 226 168 252 -1 -1 -1 -1 
105 42 359 149 144 325 -1 -1 -1 -1 
106 34 473 129 102 267 -1 -1 -1 -1 
106 38 207 233 170 244 -1 -1 -1 -1 
106 42 361 129 154 344 -1 -1 -1 -1 
107 34 474 127 101 268 -1 -1 -1 -1 
107 38 208 235 171 242 -1 -1 -1 -1 
107 42 362 145 121 326 -1 -1 -1 -1 
108 34 470 130 104 267 -1 -1 -1 -1 
108 38 209 239 173 238 -1 -1 -1 -1 
108 42 362 136 163 334 -1 -1 -1 -1 
109 34 462 131 113 271 -1 -1 -1 -1 
109 38 211 234 174 243 -1 -1 -1 -1 
109 42 361 133 125 342 -1 -1 -1 -1 
110 34 470 174 103 224 -1 -1 -1 -1 
110 38 208 242 180 236 -1 -1 -1 -1 
110 42 359 141 106 330 -1 -1 -1 -1 
111 34 470 172 102 225 -1 -1 -1 -1 
111 38 205 243 184 235 -1 -1 -1 -1 
111 42 358 143 102 330 -1 -1 -1 -1 
112 34 469 171 103 226 -1 -1 -1 -1 
112 38 201 245 195 233 -1 -1 -1 -1 
112 42 362 139 111 326 -1 -1 -1 -1 
112 55 540 131 30 71 -1 -1 -1 -1 
113 34 474 171 97 225 -1 -1 -1 -1 
113 38 202 246 197 232 -1 -1 -1 -1 
113 42 369 137 128 333 -1 -1 -1 -1 
113 55 542 132 33 75 -1 -1 -1 -1 
114 34 474 174 96 222 -1 -1 -1 -1 
114 38 199 247 196 230 -1 -1 -1 -1 
114 42 365 141 142 333 -1 -1 -1 -1 
114 55 529 133 37 50 -1 -1 -1 -1 
115 34 473 175 98 222 -1 -1 -1 -1 
115 38 199 246 195 231 -1 -1 -1 -1 
115 42 366 139 140 334 -1 -1 -1 -1 
115 55 503 132 72 98 -1 -1 -1 -1 
116 34 476 176 95 222 -1 -1 -1 -1 
116 38 199 246 186 231 -1 -1 -1 -1 
116 42 366 139 140 334 -1 -1 -1 -1 
117 34 476 175 95 223 -1 -1 -1 -1 
117 38 199 245 182 232 -1 -1 -1 -1 
117 42 366 141 136 331 -1 -1 -1 -1 
118 34 477 175 94 223 -1 -1 -1 -1 
118 38 197 242 189 235 -1 -1 -1 -1 
118 42 366 140 136 333 -1 -1 -1 -1 
119 34 476 175 95 222 -1 -1 -1 -1 
119 38 199 245 193 232 -1 -1 -1 -1 
119 42 371 137 129 331 -1 -1 -1 -1 
120 34 480 177 91 219 -1 -1 -1 -1 
120 38 200 246 193 231 -1 -1 -1 -1 
120 42 367 129 118 322 -1 -1 -1 -1 
121 34 484 177 88 220 -1 -1 -1 -1 
121 38 200 246 190 232 -1 -1 -1 -1 
121 42 363 134 103 318 -1 -1 -1 -1 
121 62 530 126 29 56 -1 -1 -1 -1 
122 34 478 175 93 220 -1 -1 -1 -1 
122 38 200 248 185 230 -1 -1 -1 -1 
122 42 365 134 96 319 -1 -1 -1 -1 
122 62 500 125 59 75 -1 -1 -1 -1 
123 34 477 175 94 220 -1 -1 -1 -1 
123 38 199 247 183 231 -1 -1 -1 -1 
123 42 364 134 94 324 -1 -1 -1 -1 
123 62 500 125 59 75 -1 -1 -1 -1 
124 34 477 175 94 220 -1 -1 -1 -1 
124 38 198 246 187 232 -1 -1 -1 -1 
124 42 366 137 111 315 -1 -1 -1 -1 
124 63 279 273 76 42 -1 -1 -1 -1 
125 34 478 176 96 220 -1 -1 -1 -1 
125 38 199 244 181 233 -1 -1 -1 -1 
125 42 402 130 91 255 -1 -1 -1 -1 
125 63 280 267 75 47 -1 -1 -1 -1 
126 34 477 183 101 213 -1 -1 -1 -1 
126 38 199 244 181 234 -1 -1 -1 -1 
126 42 409 130 84 256 -1 -1 -1 -1 
126 63 280 268 77 47 -1 -1 -1 -1 
127 34 491 199 92 201 -1 -1 -1 -1 
127 38 197 249 209 229 -1 -1 -1 -1 
127 42 416 135 88 250 -1 -1 -1 -1 
128 34 495 206 99 197 -1 -1 -1 -1 
128 38 186 268 221 210 -1 -1 -1 -1 
128 42 427 146 99 242 -1 -1 -1 -1 
129 34 495 206 99 197 -1 -1 -1 -1 
129 38 185 274 217 204 -1 -1 -1 -1 
129 42 431 152 104 237 -1 -1 -1 -1 
130 38 190 261 201 216 -1 -1 -1 -1 
130 42 437 147 94 244 -1 -1 -1 -1 
130 64 533 148 49 110 -1 -1 -1 -1 
131 38 222 223 124 254 -1 -1 -1 -1 
131 42 437 151 104 237 -1 -1 -1 -1 
131 64 529 149 58 130 -1 -1 -1 -1 
132 38 254 208 124 270 -1 -1 -1 -1 
132 42 474 152 98 134 -1 -1 -1 -1 
132 64 529 149 58 130 -1 -1 -1 -1 
132 65 514 227 100 169 -1 -1 -1 -1 
133 38 254 208 124 270 -1 -1 -1 -1 
133 42 471 148 102 129 -1 -1 -1 -1 
133 65 503 223 99 242 -1 -1 -1 -1 
134 42 458 148 91 216 -1 -1 -1 -1 
134 65 503 223 99 242 -1 -1 -1 -1 
135 42 458 148 91 216 -1 -1 -1 -1 
135 67 347 132 98 339 -1 -1 -1 -1 
136 67 356 119 99 350 -1 -1 -1 -1 
137 67 355 102 101 320 -1 -1 -1 -1 
137 68 533 241 106 160 -1 -1 -1 -1 
138 67 345 78 77 313 -1 -1 -1 -1 
138 68 533 241 106 160 -1 -1 -1 -1 
139 67 349 77 81 265 -1 -1 -1 -1 
140 67 376 69 74 268 -1 -1 -1 -1 
140 71 465 149 115 223 -1 -1 -1 -1 
141 67 379 73 79 264 -1 -1 -1 -1 
142 67 372 63 93 267 -1 -1 -1 -1 
143 67 370 65 90 265 -1 -1 -1 -1 
144 67 370 74 76 254 -1 -1 -1 -1 
145 67 348 64 83 270 -1 -1 -1 -1 
145 72 528 288 111 110 -1 -1 -1 -1 
146 67 335 62 72 267 -1 -1 -1 -1 
146 72 531 285 100 113 -1 -1 -1 -1 
147 67 325 57 62 265 -1 -1 -1 -1 
147 72 532 279 107 117 -1 -1 -1 -1 
148 67 324 58 56 242 -1 -1 -1 -1 
148 71 466 149 96 245 -1 -1 -1 -1 
149 67 319 69 68 214 -1 -1 -1 -1 
150 67 321 75 67 217 -1 -1 -1 -1 
151 67 297 65 75 310 -1 -1 -1 -1 
152 67 290 63 63 265 -1 -1 -1 -1 
153 67 293 62 76 291 -1 -1 -1 -1 
153 75 448 146 115 244 -1 -1 -1 -1 
154 67 295 68 92 287 -1 -1 -1 -1 
154 75 443 156 109 215 -1 -1 -1 -1 
155 67 324 75 79 279 -1 -1 -1 -1 
155 75 443 161 102 225 -1 -1 -1 -1 
156 67 337 78 73 264 -1 -1 -1 -1 
156 75 442 162 107 225 -1 -1 -1 -1 
156 77 535 133 35 118 -1 -1 -1 -1 
157 67 339 69 84 278 -1 -1 -1 -1 
157 75 447 161 124 236 -1 -1 -1 -1 
158 67 347 67 84 281 -1 -1 -1 -1 
159 67 356 71 89 270 -1 -1 -1 -1 
160 67 353 74 99 267 -1 -1 -1 -1 
161 67 367 92 76 251 -1 -1 -1 -1 
161 78 464 131 119 271 -1 -1 -1 -1 
162 67 367 67 82 277 -1 -1 -1 -1 
162 78 450 127 123 272 -1 -1 -1 -1 
162 80 531 290 107 107 -1 -1 -1 -1 
163 67 369 69 167 277 -1 -1 -1 -1 
163 78 450 127 123 272 -1 -1 -1 -1 
164 67 372 62 111 280 -1 -1 -1 -1 
164 80 529 293 108 108 -1 -1 -1 -1 
165 67 377 60 104 277 -1 -1 -1 -1 
165 78 441 131 131 268 -1 -1 -1 -1 
165 80 529 295 104 104 -1 -1 -1 -1 
166 67 377 59 105 278 -1 -1 -1 -1 
166 78 428 130 146 271 -1 -1 -1 -1 
166 80 532 305 107 96 -1 -1 -1 -1 
167 67 379 59 98 274 -1 -1 -1 -1 
167 78 405 135 166 257 -1 -1 -1 -1 
167 80 528 308 107 89 -1 -1 -1 -1 
168 67 386 60 86 268 -1 -1 -1 -1 
168 78 405 135 166 257 -1 -1 -1 -1 
168 80 526 292 101 105 -1 -1 -1 -1 
169 67 381 60 84 271 -1 -1 -1 -1 
169 80 523 291 104 107 -1 -1 -1 -1 
170 67 382 60 84 273 -1 -1 -1 -1 
170 80 514 288 110 109 -1 -1 -1 -1 
171 67 385 59 92 269 -1 -1 -1 -1 
171 80 524 295 95 101 -1 -1 -1 -1 
171 83 426 134 145 245 -1 -1 -1 -1 
172 67 381 61 101 273 -1 -1 -1 -1 
172 80 523 291 105 107 -1 -1 -1 -1 
172 83 425 133 145 253 -1 -1 -1 -1 
173 67 386 61 90 263 -1 -1 -1 -1 
173 80 525 297 112 100 -1 -1 -1 -1 
173 83 425 133 145 253 -1 -1 -1 -1 
174 67 381 77 97 258 -1 -1 -1 -1 
174 80 523 306 115 91 -1 -1 -1 -1 
175 67 377 80 105 256 -1 -1 -1 -1 
175 80 524 308 114 88 -1 -1 -1 -1 
176 67 378 69 103 266 -1 -1 -1 -1 
176 80 526 308 108 88 -1 -1 -1 -1 
177 67 378 69 103 266 -1 -1 -1 -1 
178 80 526 305 106 92 -1 -1 -1 -1 
178 83 444 134 126 249 -1 -1 -1 -1 
179 80 525 308 105 88 -1 -1 -1 -1 
179 83 444 134 126 249 -1 -1 -1 -1 
180 80 529 291 104 108 -1 -1 -1 -1 
181 80 530 297 100 102 -1 -1 -1 -1 
182 80 530 297 102 102 -1 -1 -1 -1 
182 90 521 132 49 110 -1 -1 -1 -1 
183 80 522 291 103 107 -1 -1 -1 -1 
183 90 521 132 49 110 -1 -1 -1 -1 
184 80 524 299 107 99 -1 -1 -1 -1 
184 91 415 73 75 220 -1 -1 -1 -1 
185 80 525 304 107 95 -1 -1 -1 -1 
185 91 419 73 65 217 -1 -1 -1 -1 
185 93 425 144 141 237 -1 -1 -1 -1 
185 94 407 64 72 163 -1 -1 -1 -1 
186 80 523 295 109 104 -1 -1 -1 -1 
186 91 418 74 72 218 -1 -1 -1 -1 
186 93 425 144 138 235 -1 -1 -1 -1 
186 94 408 63 72 158 -1 -1 -1 -1 
187 80 523 300 115 99 -1 -1 -1 -1 
187 91 419 73 67 216 -1 -1 -1 -1 
187 93 424 143 139 236 -1 -1 -1 -1 
187 94 407 64 75 172 -1 -1 -1 -1 
188 80 525 299 104 99 -1 -1 -1 -1 
188 91 424 62 74 223 -1 -1 -1 -1 
188 93 424 140 140 242 -1 -1 -1 -1 
188 94 406 65 74 153 -1 -1 -1 -1 
189 80 529 288 109 110 -1 -1 -1 -1 
189 91 423 61 68 229 -1 -1 -1 -1 
189 93 424 137 143 250 -1 -1 -1 -1 
189 94 406 65 74 157 -1 -1 -1 -1 
190 80 528 290 110 107 -1 -1 -1 -1 
190 91 423 64 69 229 -1 -1 -1 -1 
190 93 426 136 142 254 -1 -1 -1 -1 
190 94 407 64 72 163 -1 -1 -1 -1 
191 80 531 301 96 97 -1 -1 -1 -1 
191 91 420 69 64 227 -1 -1 -1 -1 
191 93 427 144 140 244 -1 -1 -1 -1 
191 94 407 65 73 166 -1 -1 -1 -1 
192 80 531 301 96 97 -1 -1 -1 -1 
192 91 422 71 58 220 -1 -1 -1 -1 
192 93 426 130 140 259 -1 -1 -1 -1 
192 94 406 67 76 161 -1 -1 -1 -1 
193 91 422 68 59 225 -1 -1 -1 -1 
193 93 431 133 134 254 -1 -1 -1 -1 
193 94 405 68 75 160 -1 -1 -1 -1 
194 91 422 67 60 227 -1 -1 -1 -1 
194 93 427 132 138 252 -1 -1 -1 -1 
194 94 404 69 77 156 -1 -1 -1 -1 
194 97 407 75 59 113 -1 -1 -1 -1 
195 91 421 67 61 226 -1 -1 -1 -1 
195 93 426 134 138 247 -1 -1 -1 -1 
195 94 404 70 79 161 -1 -1 -1 -1 
195 97 407 76 56 110 -1 -1 -1 -1 
196 91 424 66 58 230 -1 -1 -1 -1 
196 93 427 145 139 242 -1 -1 -1 -1 
196 94 404 70 79 161 -1 -1 -1 -1 
196 97 407 76 56 110 -1 -1 -1 -1 
197 91 426 63 70 221 -1 -1 -1 -1 
197 93 430 152 136 240 -1 -1 -1 -1 
197 99 520 297 46 100 -1 -1 -1 -1 
198 91 422 65 63 224 -1 -1 -1 -1 
198 93 446 163 108 181 -1 -1 -1 -1 
198 99 529 307 107 91 -1 -1 -1 -1 
199 91 422 67 63 225 -1 -1 -1 -1 
199 93 448 151 91 140 -1 -1 -1 -1 
199 99 529 307 107 91 -1 -1 -1 -1 
200 91 419 65 67 227 -1 -1 -1 -1 
200 93 436 152 112 241 -1 -1 -1 -1 
200 99 530 307 107 90 -1 -1 -1 -1 
201 91 421 68 64 223 -1 -1 -1 -1 
201 93 449 157 119 236 -1 -1 -1 -1 
201 99 530 307 107 90 -1 -1 -1 -1 
202 91 422 65 64 225 -1 -1 -1 -1 
202 93 469 160 100 184 -1 -1 -1 -1 
203 91 422 62 60 227 -1 -1 -1 -1 
203 93 472 152 83 123 -1 -1 -1 -1 
204 91 421 61 62 229 -1 -1 -1 -1 
204 93 468 151 84 132 -1 -1 -1 -1 
205 91 421 63 62 228 -1 -1 -1 -1 
205 93 466 147 85 143 -1 -1 -1 -1 
205 103 533 127 30 91 -1 -1 -1 -1 
206 91 421 69 61 224 -1 -1 -1 -1 
206 93 465 151 87 139 -1 -1 -1 -1 
206 99 532 308 106 89 -1 -1 -1 -1 
206 103 533 127 30 91 -1 -1 -1 -1 
207 91 421 65 61 226 -1 -1 -1 -1 
207 93 464 149 88 206 -1 -1 -1 -1 
207 99 534 307 105 88 -1 -1 -1 -1 
208 91 421 65 60 225 -1 -1 -1 -1 
208 93 463 151 88 223 -1 -1 -1 -1 
208 99 533 306 105 90 -1 -1 -1 -1 
209 91 420 63 60 225 -1 -1 -1 -1 
209 93 462 153 96 242 -1 -1 -1 -1 
209 99 533 306 105 90 -1 -1 -1 -1 
210 91 422 76 65 214 -1 -1 -1 -1 
210 93 464 154 89 239 -1 -1 -1 -1 
211 91 431 64 49 188 -1 -1 -1 -1 
211 93 464 152 87 230 -1 -1 -1 -1 
211 106 535 132 35 98 -1 -1 -1 -1 
212 91 431 67 52 182 -1 -1 -1 -1 
212 93 464 152 87 230 -1 -1 -1 -1 
212 106 533 133 37 96 -1 -1 -1 -1 
213 91 425 66 62 215 -1 -1 -1 -1 
213 106 535 133 34 94 -1 -1 -1 -1 
214 91 423 66 71 218 -1 -1 -1 -1 
214 106 534 133 36 95 -1 -1 -1 -1 
215 91 423 70 60 215 -1 -1 -1 -1 
215 106 531 130 37 98 -1 -1 -1 -1 
215 109 468 152 82 132 -1 -1 -1 -1 
216 80 527 282 112 117 -1 -1 -1 -1 
216 91 420 67 62 220 -1 -1 -1 -1 
216 93 465 156 85 203 -1 -1 -1 -1 
216 106 531 128 34 98 -1 -1 -1 -1 
217 80 527 282 112 117 -1 -1 -1 -1 
217 91 422 71 63 217 -1 -1 -1 -1 
217 93 465 157 85 204 -1 -1 -1 -1 
