3 1 590 118 48 309 -1 -1 -1 -1 
3 2 485 342 105 127 -1 -1 -1 -1 
4 1 589 120 50 304 -1 -1 -1 -1 
4 2 485 342 105 122 -1 -1 -1 -1 
5 1 588 119 51 300 -1 -1 -1 -1 
5 2 484 343 105 118 -1 -1 -1 -1 
6 1 589 116 50 308 -1 -1 -1 -1 
6 2 488 365 99 113 -1 -1 -1 -1 
7 1 586 113 53 314 -1 -1 -1 -1 
7 2 484 341 106 117 -1 -1 -1 -1 
8 1 589 114 50 314 -1 -1 -1 -1 
8 2 483 339 107 119 -1 -1 -1 -1 
9 1 587 119 52 306 -1 -1 -1 -1 
9 2 483 339 107 117 -1 -1 -1 -1 
9 5 494 416 80 62 -1 -1 -1 -1 
10 1 587 132 52 261 -1 -1 -1 -1 
10 2 483 340 104 107 -1 -1 -1 -1 
10 5 494 416 79 62 -1 -1 -1 -1 
11 1 588 135 51 264 -1 -1 -1 -1 
11 2 484 341 105 127 -1 -1 -1 -1 
11 5 494 416 81 62 -1 -1 -1 -1 
12 1 589 135 50 263 -1 -1 -1 -1 
12 2 483 340 106 124 -1 -1 -1 -1 
12 5 493 416 82 62 -1 -1 -1 -1 
13 1 588 135 51 272 -1 -1 -1 -1 
13 2 484 340 103 111 -1 -1 -1 -1 
13 5 494 417 80 61 -1 -1 -1 -1 
14 1 588 134 51 272 -1 -1 -1 -1 
14 2 484 341 104 118 -1 -1 -1 -1 
14 5 494 417 81 61 -1 -1 -1 -1 
15 1 588 134 51 279 -1 -1 -1 -1 
15 2 484 341 105 120 -1 -1 -1 -1 
15 5 494 417 80 61 -1 -1 -1 -1 
16 1 590 134 49 277 -1 -1 -1 -1 
16 2 483 339 104 109 -1 -1 -1 -1 
16 5 493 416 81 62 -1 -1 -1 -1 
17 1 589 136 50 267 -1 -1 -1 -1 
17 2 483 339 105 118 -1 -1 -1 -1 
17 5 493 416 81 62 -1 -1 -1 -1 
18 1 589 136 50 270 -1 -1 -1 -1 
18 2 483 341 108 128 -1 -1 -1 -1 
18 5 494 416 85 62 -1 -1 -1 -1 
19 1 589 136 50 271 -1 -1 -1 -1 
19 2 483 340 108 128 -1 -1 -1 -1 
19 5 494 417 83 61 -1 -1 -1 -1 
20 1 589 136 50 271 -1 -1 -1 -1 
20 2 483 340 107 125 -1 -1 -1 -1 
20 5 494 416 84 62 -1 -1 -1 -1 
21 1 589 136 50 276 -1 -1 -1 -1 
21 2 484 339 104 116 -1 -1 -1 -1 
21 5 494 417 79 61 -1 -1 -1 -1 
22 1 589 136 50 267 -1 -1 -1 -1 
22 2 484 339 103 114 -1 -1 -1 -1 
22 5 494 417 79 61 -1 -1 -1 -1 
23 1 589 136 50 267 -1 -1 -1 -1 
23 2 484 340 103 115 -1 -1 -1 -1 
23 5 494 417 78 61 -1 -1 -1 -1 
24 1 590 129 49 281 -1 -1 -1 -1 
24 2 484 340 105 122 -1 -1 -1 -1 
24 5 494 416 82 62 -1 -1 -1 -1 
25 1 590 129 49 296 -1 -1 -1 -1 
25 2 483 340 106 117 -1 -1 -1 -1 
25 5 494 416 82 62 -1 -1 -1 -1 
26 1 592 125 47 304 -1 -1 -1 -1 
26 2 483 341 105 115 -1 -1 -1 -1 
27 1 592 126 47 305 -1 -1 -1 -1 
27 2 483 340 106 121 -1 -1 -1 -1 
27 5 493 416 87 62 -1 -1 -1 -1 
28 1 592 127 47 287 -1 -1 -1 -1 
28 2 483 340 103 115 -1 -1 -1 -1 
28 5 493 416 84 62 -1 -1 -1 -1 
29 1 590 130 49 295 -1 -1 -1 -1 
29 2 484 347 100 102 -1 -1 -1 -1 
29 5 493 416 84 62 -1 -1 -1 -1 
