3 1 586 126 53 349 -1 -1 -1 -1 
4 1 586 126 53 348 -1 -1 -1 -1 
5 1 586 125 53 350 -1 -1 -1 -1 
6 1 585 125 54 350 -1 -1 -1 -1 
7 1 586 128 53 343 -1 -1 -1 -1 
8 1 585 128 54 344 -1 -1 -1 -1 
9 1 585 129 54 343 -1 -1 -1 -1 
10 1 585 128 54 344 -1 -1 -1 -1 
11 1 585 128 54 343 -1 -1 -1 -1 
12 1 585 128 54 343 -1 -1 -1 -1 
13 1 585 129 54 343 -1 -1 -1 -1 
14 1 586 126 53 348 -1 -1 -1 -1 
15 1 586 126 53 349 -1 -1 -1 -1 
16 1 587 126 52 348 -1 -1 -1 -1 
17 1 586 129 53 345 -1 -1 -1 -1 
18 1 585 119 54 358 -1 -1 -1 -1 
19 1 588 108 51 364 -1 -1 -1 -1 
20 1 591 110 48 361 -1 -1 -1 -1 
21 1 588 84 51 390 -1 -1 -1 -1 
22 1 585 127 54 347 -1 -1 -1 -1 
23 1 587 115 52 321 -1 -1 -1 -1 
24 1 588 111 51 332 -1 -1 -1 -1 
25 1 586 98 53 356 -1 -1 -1 -1 
26 1 587 110 52 354 -1 -1 -1 -1 
45 1 590 79 49 393 -1 -1 -1 -1 
59 2 593 104 46 366 -1 -1 -1 -1 
60 1 591 109 48 361 -1 -1 -1 -1 
61 1 592 110 47 361 -1 -1 -1 -1 
62 1 592 112 47 359 -1 -1 -1 -1 
63 1 590 113 49 358 -1 -1 -1 -1 
64 1 589 113 50 359 -1 -1 -1 -1 
65 1 589 111 50 361 -1 -1 -1 -1 
66 1 588 111 51 361 -1 -1 -1 -1 
67 1 591 113 48 358 -1 -1 -1 -1 
68 1 591 113 48 358 -1 -1 -1 -1 
69 1 591 113 48 359 -1 -1 -1 -1 
70 1 590 113 49 359 -1 -1 -1 -1 
71 1 591 112 48 359 -1 -1 -1 -1 
72 1 591 112 48 358 -1 -1 -1 -1 
73 1 591 112 48 358 -1 -1 -1 -1 
74 1 592 112 47 358 -1 -1 -1 -1 
75 1 588 113 51 359 -1 -1 -1 -1 
76 1 589 112 50 361 -1 -1 -1 -1 
77 1 589 112 50 360 -1 -1 -1 -1 
78 1 589 112 50 360 -1 -1 -1 -1 
79 1 590 112 49 360 -1 -1 -1 -1 
80 1 588 112 51 361 -1 -1 -1 -1 
81 1 588 111 51 362 -1 -1 -1 -1 
82 1 590 110 49 361 -1 -1 -1 -1 
83 1 589 111 50 361 -1 -1 -1 -1 
84 1 589 110 50 362 -1 -1 -1 -1 
85 1 588 109 51 363 -1 -1 -1 -1 
86 1 589 111 50 361 -1 -1 -1 -1 
87 1 589 111 50 361 -1 -1 -1 -1 
88 1 591 112 48 359 -1 -1 -1 -1 
89 1 590 113 49 358 -1 -1 -1 -1 
96 1 592 111 47 358 -1 -1 -1 -1 
97 1 595 94 44 381 -1 -1 -1 -1 
103 4 509 112 98 360 -1 -1 -1 -1 
104 4 488 106 101 362 -1 -1 -1 -1 
105 4 471 104 104 370 -1 -1 -1 -1 
106 4 465 104 104 367 -1 -1 -1 -1 
107 4 487 109 116 365 -1 -1 -1 -1 
