3 1 586 201 53 93 -1 -1 -1 -1 
3 2 564 304 66 87 -1 -1 -1 -1 
3 4 535 136 35 112 -1 -1 -1 -1 
4 1 586 201 53 93 -1 -1 -1 -1 
4 2 564 305 62 84 -1 -1 -1 -1 
4 4 532 135 38 124 -1 -1 -1 -1 
5 2 564 306 63 82 -1 -1 -1 -1 
5 4 532 135 38 124 -1 -1 -1 -1 
6 2 564 306 63 85 -1 -1 -1 -1 
6 4 532 137 37 120 -1 -1 -1 -1 
6 5 481 266 81 126 -1 -1 -1 -1 
7 2 564 306 64 85 -1 -1 -1 -1 
7 4 532 135 39 119 -1 -1 -1 -1 
7 5 470 261 91 138 -1 -1 -1 -1 
8 2 564 306 67 81 -1 -1 -1 -1 
8 4 534 135 36 115 -1 -1 -1 -1 
8 5 478 258 82 142 -1 -1 -1 -1 
9 2 564 306 67 81 -1 -1 -1 -1 
10 4 527 129 41 113 -1 -1 -1 -1 
11 4 536 127 31 130 -1 -1 -1 -1 
12 4 535 128 35 129 -1 -1 -1 -1 
12 8 474 260 84 138 -1 -1 -1 -1 
13 4 538 128 47 123 -1 -1 -1 -1 
13 8 475 258 87 143 -1 -1 -1 -1 
14 4 538 128 47 123 -1 -1 -1 -1 
14 8 471 259 88 131 -1 -1 -1 -1 
15 8 471 259 87 139 -1 -1 -1 -1 
16 4 533 136 53 118 -1 -1 -1 -1 
16 8 474 258 85 133 -1 -1 -1 -1 
17 4 533 135 57 116 -1 -1 -1 -1 
17 8 478 259 80 131 -1 -1 -1 -1 
18 4 533 135 57 116 -1 -1 -1 -1 
19 8 478 259 82 133 -1 -1 -1 -1 
20 8 473 259 91 136 -1 -1 -1 -1 
21 8 473 259 86 135 -1 -1 -1 -1 
21 14 527 124 39 126 -1 -1 -1 -1 
22 8 473 259 91 140 -1 -1 -1 -1 
22 14 510 125 54 125 -1 -1 -1 -1 
23 8 472 260 91 142 -1 -1 -1 -1 
24 8 477 260 83 139 -1 -1 -1 -1 
25 8 475 266 82 131 -1 -1 -1 -1 
29 15 473 283 90 117 -1 -1 -1 -1 
30 15 473 283 90 115 -1 -1 -1 -1 
31 15 472 279 91 119 -1 -1 -1 -1 
32 15 471 272 90 128 -1 -1 -1 -1 
33 8 477 263 83 137 -1 -1 -1 -1 
33 15 471 272 90 128 -1 -1 -1 -1 
34 8 473 273 86 124 -1 -1 -1 -1 
35 8 473 273 86 124 -1 -1 -1 -1 
35 15 475 281 87 119 -1 -1 -1 -1 
36 15 470 274 92 124 -1 -1 -1 -1 
37 15 472 272 88 127 -1 -1 -1 -1 
38 15 473 280 89 116 -1 -1 -1 -1 
39 15 472 274 89 121 -1 -1 -1 -1 
40 14 510 134 52 106 -1 -1 -1 -1 
40 15 474 276 89 122 -1 -1 -1 -1 
41 14 512 130 52 113 -1 -1 -1 -1 
41 15 472 272 91 126 -1 -1 -1 -1 
42 14 522 132 42 115 -1 -1 -1 -1 
42 15 476 276 87 126 -1 -1 -1 -1 
43 14 512 130 52 118 -1 -1 -1 -1 
43 15 476 276 87 126 -1 -1 -1 -1 
44 14 510 139 54 91 -1 -1 -1 -1 
44 15 472 282 92 115 -1 -1 -1 -1 
45 14 511 135 53 94 -1 -1 -1 -1 
46 14 513 125 50 121 -1 -1 -1 -1 
46 15 470 274 93 126 -1 -1 -1 -1 
47 14 530 123 33 128 -1 -1 -1 -1 
47 15 472 266 88 131 -1 -1 -1 -1 
48 14 512 128 47 121 -1 -1 -1 -1 
48 15 472 263 88 133 -1 -1 -1 -1 
49 14 512 128 47 121 -1 -1 -1 -1 
49 15 472 273 88 128 -1 -1 -1 -1 
49 23 596 291 43 42 -1 -1 -1 -1 
50 15 473 279 89 122 -1 -1 -1 -1 
50 23 596 291 43 42 -1 -1 -1 -1 
51 15 470 281 93 118 -1 -1 -1 -1 
51 23 596 291 43 41 -1 -1 -1 -1 
51 24 567 304 71 82 -1 -1 -1 -1 
52 14 516 126 44 123 -1 -1 -1 -1 
52 15 471 283 90 115 -1 -1 -1 -1 
52 23 596 291 43 41 -1 -1 -1 -1 
53 14 513 127 46 126 -1 -1 -1 -1 
53 15 470 279 92 119 -1 -1 -1 -1 
53 24 565 306 74 84 -1 -1 -1 -1 
54 14 513 125 45 127 -1 -1 -1 -1 
54 15 472 271 87 128 -1 -1 -1 -1 
55 14 513 127 46 121 -1 -1 -1 -1 
55 15 472 270 87 127 -1 -1 -1 -1 
56 14 514 128 45 125 -1 -1 -1 -1 
56 15 477 278 85 121 -1 -1 -1 -1 
57 14 514 127 45 127 -1 -1 -1 -1 
57 15 476 278 86 121 -1 -1 -1 -1 
58 14 515 126 44 129 -1 -1 -1 -1 
58 15 471 267 92 130 -1 -1 -1 -1 
59 14 531 125 30 122 -1 -1 -1 -1 
59 15 483 247 79 138 -1 -1 -1 -1 
60 14 530 127 31 123 -1 -1 -1 -1 
61 14 529 127 32 140 -1 -1 -1 -1 
62 14 531 125 29 121 -1 -1 -1 -1 
63 14 532 126 28 119 -1 -1 -1 -1 
64 14 532 126 28 119 -1 -1 -1 -1 
65 27 469 263 96 139 -1 -1 -1 -1 
66 24 563 306 62 86 -1 -1 -1 -1 
66 27 466 261 97 144 -1 -1 -1 -1 
67 24 562 306 63 85 -1 -1 -1 -1 
67 27 468 258 96 147 -1 -1 -1 -1 
68 24 562 304 63 88 -1 -1 -1 -1 
68 27 469 261 93 148 -1 -1 -1 -1 
68 28 528 134 32 120 -1 -1 -1 -1 
69 24 564 305 68 81 -1 -1 -1 -1 
69 27 469 261 102 143 -1 -1 -1 -1 
69 28 527 128 33 110 -1 -1 -1 -1 
70 24 562 297 76 90 -1 -1 -1 -1 
70 27 469 262 92 138 -1 -1 -1 -1 
70 28 530 125 31 123 -1 -1 -1 -1 
71 24 562 297 76 90 -1 -1 -1 -1 
72 24 555 296 80 87 -1 -1 -1 -1 
72 27 469 268 88 137 -1 -1 -1 -1 
73 24 558 301 80 82 -1 -1 -1 -1 
73 27 472 263 85 135 -1 -1 -1 -1 
74 24 558 301 80 82 -1 -1 -1 -1 
75 24 564 301 75 81 -1 -1 -1 -1 
75 27 473 260 87 103 -1 -1 -1 -1 
76 24 566 302 73 85 -1 -1 -1 -1 
77 24 563 299 74 89 -1 -1 -1 -1 
77 27 468 259 90 146 -1 -1 -1 -1 
77 31 588 286 51 40 -1 -1 -1 -1 
78 24 563 307 66 84 -1 -1 -1 -1 
78 27 471 261 86 145 -1 -1 -1 -1 
79 15 471 269 88 129 -1 -1 -1 -1 
79 24 562 305 70 87 -1 -1 -1 -1 
80 15 474 297 88 106 -1 -1 -1 -1 
80 24 564 305 66 85 -1 -1 -1 -1 
81 15 472 302 91 101 -1 -1 -1 -1 
81 24 564 305 67 84 -1 -1 -1 -1 
82 15 472 302 91 101 -1 -1 -1 -1 
82 24 564 307 65 84 -1 -1 -1 -1 
83 24 564 307 65 84 -1 -1 -1 -1 
84 24 564 306 63 85 -1 -1 -1 -1 
84 33 514 269 45 79 -1 -1 -1 -1 
85 24 564 305 64 84 -1 -1 -1 -1 
85 33 518 269 41 78 -1 -1 -1 -1 
86 24 564 305 64 84 -1 -1 -1 -1 
87 24 564 307 67 83 -1 -1 -1 -1 
87 33 471 275 91 127 -1 -1 -1 -1 
88 15 471 274 89 125 -1 -1 -1 -1 
88 24 564 305 66 85 -1 -1 -1 -1 
89 15 471 273 89 128 -1 -1 -1 -1 
89 24 564 306 66 84 -1 -1 -1 -1 
90 15 472 274 90 128 -1 -1 -1 -1 
91 15 505 265 53 77 -1 -1 -1 -1 
92 15 470 304 91 101 -1 -1 -1 -1 
92 24 563 303 67 89 -1 -1 -1 -1 
93 15 470 304 91 101 -1 -1 -1 -1 
93 24 564 305 64 87 -1 -1 -1 -1 
94 24 564 305 63 87 -1 -1 -1 -1 
94 35 515 266 44 76 -1 -1 -1 -1 
95 24 564 305 63 87 -1 -1 -1 -1 
96 36 288 272 60 123 -1 -1 -1 -1 
97 36 288 272 60 122 -1 -1 -1 -1 
101 24 563 297 73 89 -1 -1 -1 -1 
102 15 466 271 93 126 -1 -1 -1 -1 
102 24 564 299 72 88 -1 -1 -1 -1 
103 15 466 271 93 126 -1 -1 -1 -1 
103 24 566 299 67 83 -1 -1 -1 -1 
104 24 564 309 74 79 -1 -1 -1 -1 
104 35 517 266 42 77 -1 -1 -1 -1 
106 15 469 261 90 133 -1 -1 -1 -1 
106 24 563 303 73 88 -1 -1 -1 -1 
107 15 465 248 89 158 -1 -1 -1 -1 
108 15 469 245 91 163 -1 -1 -1 -1 
109 15 464 254 97 159 -1 -1 -1 -1 
110 15 465 271 95 133 -1 -1 -1 -1 
110 24 562 308 72 76 -1 -1 -1 -1 
111 15 469 264 93 142 -1 -1 -1 -1 
111 24 554 306 79 84 -1 -1 -1 -1 
112 15 468 268 94 135 -1 -1 -1 -1 
112 24 551 299 85 93 -1 -1 -1 -1 
113 15 467 268 94 132 -1 -1 -1 -1 
113 24 565 295 70 90 -1 -1 -1 -1 
113 40 482 158 51 50 -1 -1 -1 -1 
114 15 470 269 91 131 -1 -1 -1 -1 
114 24 564 300 73 88 -1 -1 -1 -1 
115 15 470 269 93 134 -1 -1 -1 -1 
115 24 564 302 71 88 -1 -1 -1 -1 
116 15 470 275 93 123 -1 -1 -1 -1 
116 24 564 302 74 88 -1 -1 -1 -1 
117 15 470 272 93 126 -1 -1 -1 -1 
117 24 563 300 76 92 -1 -1 -1 -1 
118 15 478 268 82 118 -1 -1 -1 -1 
118 24 563 300 74 91 -1 -1 -1 -1 
119 15 478 268 82 118 -1 -1 -1 -1 
119 24 563 301 71 90 -1 -1 -1 -1 
120 15 469 273 91 122 -1 -1 -1 -1 
120 24 563 301 69 90 -1 -1 -1 -1 
121 15 472 271 91 94 -1 -1 -1 -1 
121 24 563 305 64 88 -1 -1 -1 -1 
121 36 288 272 60 124 -1 -1 -1 -1 
122 15 471 276 91 122 -1 -1 -1 -1 
122 24 563 303 70 90 -1 -1 -1 -1 
122 36 288 272 60 124 -1 -1 -1 -1 
123 15 472 277 92 123 -1 -1 -1 -1 
123 24 563 303 70 90 -1 -1 -1 -1 
123 36 288 272 61 124 -1 -1 -1 -1 
124 15 474 277 88 121 -1 -1 -1 -1 
124 24 562 305 65 88 -1 -1 -1 -1 
124 36 288 272 60 124 -1 -1 -1 -1 
125 15 469 275 93 122 -1 -1 -1 -1 
125 24 562 305 65 88 -1 -1 -1 -1 
126 15 470 274 92 125 -1 -1 -1 -1 
127 15 472 274 90 126 -1 -1 -1 -1 
128 15 476 275 87 125 -1 -1 -1 -1 
129 15 479 274 83 125 -1 -1 -1 -1 
129 24 563 303 68 86 -1 -1 -1 -1 
130 15 473 273 89 126 -1 -1 -1 -1 
130 24 563 302 69 85 -1 -1 -1 -1 
131 15 467 273 95 125 -1 -1 -1 -1 
131 24 563 304 69 83 -1 -1 -1 -1 
132 15 471 273 90 123 -1 -1 -1 -1 
132 24 563 303 68 82 -1 -1 -1 -1 
133 15 474 273 88 125 -1 -1 -1 -1 
133 24 563 300 70 88 -1 -1 -1 -1 
134 15 475 271 85 129 -1 -1 -1 -1 
134 24 563 301 69 87 -1 -1 -1 -1 
135 15 474 274 87 125 -1 -1 -1 -1 
135 24 563 300 70 89 -1 -1 -1 -1 
136 15 473 273 88 127 -1 -1 -1 -1 
136 24 563 300 70 88 -1 -1 -1 -1 
137 15 475 270 84 130 -1 -1 -1 -1 
137 24 563 302 73 88 -1 -1 -1 -1 
138 15 476 269 83 133 -1 -1 -1 -1 
138 24 563 303 73 87 -1 -1 -1 -1 
139 15 474 270 87 131 -1 -1 -1 -1 
140 15 471 269 91 132 -1 -1 -1 -1 
141 15 473 270 90 130 -1 -1 -1 -1 
141 24 563 304 72 88 -1 -1 -1 -1 
142 15 473 268 90 132 -1 -1 -1 -1 
142 24 563 304 72 87 -1 -1 -1 -1 
143 15 476 269 87 131 -1 -1 -1 -1 
144 15 479 269 83 129 -1 -1 -1 -1 
144 24 564 303 68 87 -1 -1 -1 -1 
145 15 479 267 82 132 -1 -1 -1 -1 
145 24 563 306 66 84 -1 -1 -1 -1 
146 15 479 268 83 131 -1 -1 -1 -1 
147 15 480 269 83 129 -1 -1 -1 -1 
148 15 480 269 83 130 -1 -1 -1 -1 
148 24 563 308 64 82 -1 -1 -1 -1 
148 36 288 273 60 122 -1 -1 -1 -1 
149 15 478 269 85 131 -1 -1 -1 -1 
149 24 563 305 65 84 -1 -1 -1 -1 
149 36 288 272 60 124 -1 -1 -1 -1 
150 15 479 268 84 132 -1 -1 -1 -1 
150 24 563 306 63 83 -1 -1 -1 -1 
150 36 288 272 60 124 -1 -1 -1 -1 
151 15 480 271 82 129 -1 -1 -1 -1 
151 24 563 307 62 84 -1 -1 -1 -1 
151 36 288 272 60 125 -1 -1 -1 -1 
152 15 480 270 82 130 -1 -1 -1 -1 
152 24 563 306 62 85 -1 -1 -1 -1 
152 36 288 272 60 123 -1 -1 -1 -1 
153 15 477 271 85 130 -1 -1 -1 -1 
153 24 563 303 63 89 -1 -1 -1 -1 
154 15 472 270 89 128 -1 -1 -1 -1 
154 24 563 303 62 88 -1 -1 -1 -1 
155 15 471 276 91 123 -1 -1 -1 -1 
155 24 563 303 63 87 -1 -1 -1 -1 
156 15 475 273 87 123 -1 -1 -1 -1 
156 24 563 301 63 88 -1 -1 -1 -1 
157 15 474 274 89 126 -1 -1 -1 -1 
157 24 563 299 64 92 -1 -1 -1 -1 
158 15 475 272 87 130 -1 -1 -1 -1 
158 24 562 302 66 91 -1 -1 -1 -1 
159 15 471 268 93 138 -1 -1 -1 -1 
159 24 563 303 65 88 -1 -1 -1 -1 
160 15 472 267 92 136 -1 -1 -1 -1 
160 24 563 301 64 89 -1 -1 -1 -1 
161 15 474 266 88 140 -1 -1 -1 -1 
161 24 563 302 64 90 -1 -1 -1 -1 
162 15 475 267 87 138 -1 -1 -1 -1 
162 24 563 302 64 90 -1 -1 -1 -1 
163 15 478 269 82 132 -1 -1 -1 -1 
163 24 562 301 65 91 -1 -1 -1 -1 
164 15 474 267 87 136 -1 -1 -1 -1 
164 24 562 302 64 92 -1 -1 -1 -1 
165 15 482 269 80 133 -1 -1 -1 -1 
165 24 562 304 66 87 -1 -1 -1 -1 
166 15 483 270 79 129 -1 -1 -1 -1 
166 24 563 306 63 84 -1 -1 -1 -1 
167 15 475 269 87 134 -1 -1 -1 -1 
167 24 562 304 64 85 -1 -1 -1 -1 
168 15 473 276 87 126 -1 -1 -1 -1 
168 24 562 301 63 89 -1 -1 -1 -1 
169 15 473 276 87 126 -1 -1 -1 -1 
169 24 563 300 62 90 -1 -1 -1 -1 
170 15 473 269 88 139 -1 -1 -1 -1 
170 24 562 302 63 88 -1 -1 -1 -1 
171 15 478 270 82 132 -1 -1 -1 -1 
171 24 563 300 63 88 -1 -1 -1 -1 
172 15 479 268 83 136 -1 -1 -1 -1 
172 24 563 303 63 86 -1 -1 -1 -1 
173 15 475 268 87 133 -1 -1 -1 -1 
173 24 563 304 64 85 -1 -1 -1 -1 
174 15 471 266 88 135 -1 -1 -1 -1 
174 24 562 303 65 89 -1 -1 -1 -1 
175 15 470 266 91 136 -1 -1 -1 -1 
175 24 562 303 65 89 -1 -1 -1 -1 
176 15 471 266 92 136 -1 -1 -1 -1 
176 24 562 300 76 92 -1 -1 -1 -1 
176 36 288 272 60 123 -1 -1 -1 -1 
177 15 469 265 92 137 -1 -1 -1 -1 
177 24 562 304 66 87 -1 -1 -1 -1 
177 36 288 272 60 123 -1 -1 -1 -1 
178 15 471 265 90 138 -1 -1 -1 -1 
178 24 562 307 65 83 -1 -1 -1 -1 
178 36 288 272 60 124 -1 -1 -1 -1 
179 15 469 266 93 136 -1 -1 -1 -1 
179 24 562 308 66 83 -1 -1 -1 -1 
179 36 288 272 59 122 -1 -1 -1 -1 
179 51 499 163 43 49 -1 -1 -1 -1 
180 15 471 267 91 136 -1 -1 -1 -1 
180 24 562 305 71 87 -1 -1 -1 -1 
181 15 469 268 91 135 -1 -1 -1 -1 
181 24 562 307 70 84 -1 -1 -1 -1 
182 15 483 268 79 133 -1 -1 -1 -1 
182 24 562 306 67 83 -1 -1 -1 -1 
183 15 480 267 80 136 -1 -1 -1 -1 
183 24 562 304 66 87 -1 -1 -1 -1 
184 15 480 268 80 137 -1 -1 -1 -1 
184 24 562 305 68 86 -1 -1 -1 -1 
185 15 480 269 79 140 -1 -1 -1 -1 
185 24 562 305 66 87 -1 -1 -1 -1 
186 15 477 267 84 138 -1 -1 -1 -1 
186 24 563 307 68 84 -1 -1 -1 -1 
187 15 477 267 86 138 -1 -1 -1 -1 
187 24 563 307 69 83 -1 -1 -1 -1 
188 15 477 267 85 138 -1 -1 -1 -1 
188 24 563 306 68 84 -1 -1 -1 -1 
189 15 476 266 84 139 -1 -1 -1 -1 
189 24 562 306 67 85 -1 -1 -1 -1 
190 15 475 267 87 137 -1 -1 -1 -1 
190 24 562 306 67 86 -1 -1 -1 -1 
191 15 476 266 86 138 -1 -1 -1 -1 
191 24 562 307 66 84 -1 -1 -1 -1 
192 15 475 266 86 138 -1 -1 -1 -1 
192 24 562 306 66 85 -1 -1 -1 -1 
193 15 478 271 82 130 -1 -1 -1 -1 
193 24 562 306 67 84 -1 -1 -1 -1 
194 15 477 269 85 132 -1 -1 -1 -1 
194 24 563 307 66 83 -1 -1 -1 -1 
195 15 475 269 86 130 -1 -1 -1 -1 
195 24 563 305 68 85 -1 -1 -1 -1 
196 15 476 270 86 130 -1 -1 -1 -1 
196 24 563 306 67 84 -1 -1 -1 -1 
197 15 477 270 83 130 -1 -1 -1 -1 
197 24 563 307 67 84 -1 -1 -1 -1 
198 15 478 270 83 130 -1 -1 -1 -1 
198 24 562 302 74 88 -1 -1 -1 -1 
199 15 479 268 82 132 -1 -1 -1 -1 
199 24 563 303 74 87 -1 -1 -1 -1 
200 15 480 268 82 134 -1 -1 -1 -1 
200 24 563 303 74 84 -1 -1 -1 -1 
201 15 480 269 83 137 -1 -1 -1 -1 
201 24 564 304 74 86 -1 -1 -1 -1 
202 15 481 269 82 135 -1 -1 -1 -1 
202 24 564 296 74 91 -1 -1 -1 -1 
203 15 480 270 80 128 -1 -1 -1 -1 
203 24 565 299 72 89 -1 -1 -1 -1 
203 36 288 272 60 124 -1 -1 -1 -1 
204 15 478 270 82 128 -1 -1 -1 -1 
204 24 564 301 74 86 -1 -1 -1 -1 
204 36 288 272 60 124 -1 -1 -1 -1 
205 15 478 268 83 130 -1 -1 -1 -1 
205 24 562 302 76 85 -1 -1 -1 -1 
205 36 288 273 60 122 -1 -1 -1 -1 
206 15 482 268 80 132 -1 -1 -1 -1 
206 24 562 304 61 83 -1 -1 -1 -1 
207 15 482 269 77 131 -1 -1 -1 -1 
207 24 564 304 66 84 -1 -1 -1 -1 
208 15 479 277 80 120 -1 -1 -1 -1 
208 24 564 305 69 82 -1 -1 -1 -1 
209 15 479 277 80 120 -1 -1 -1 -1 
209 24 564 306 63 77 -1 -1 -1 -1 
210 24 564 306 64 77 -1 -1 -1 -1 
211 24 564 306 63 77 -1 -1 -1 -1 
212 24 564 307 62 77 -1 -1 -1 -1 
213 24 563 307 63 76 -1 -1 -1 -1 
214 24 563 307 64 78 -1 -1 -1 -1 
215 24 563 306 66 80 -1 -1 -1 -1 
215 60 515 265 45 75 -1 -1 -1 -1 
216 24 564 306 67 77 -1 -1 -1 -1 
216 60 515 265 45 75 -1 -1 -1 -1 
217 24 565 308 64 72 -1 -1 -1 -1 
217 60 518 268 42 77 -1 -1 -1 -1 
217 61 582 182 52 60 -1 -1 -1 -1 
218 24 564 307 61 80 -1 -1 -1 -1 
218 60 478 267 81 112 -1 -1 -1 -1 
218 61 584 182 55 74 -1 -1 -1 -1 
219 24 563 306 59 81 -1 -1 -1 -1 
219 60 518 267 41 80 -1 -1 -1 -1 
220 24 564 302 66 86 -1 -1 -1 -1 
220 60 517 267 43 87 -1 -1 -1 -1 
221 24 563 303 64 84 -1 -1 -1 -1 
221 60 480 266 80 101 -1 -1 -1 -1 
222 24 563 304 64 84 -1 -1 -1 -1 
222 60 475 271 85 125 -1 -1 -1 -1 
223 24 564 303 62 84 -1 -1 -1 -1 
224 24 563 303 63 88 -1 -1 -1 -1 
224 60 477 268 84 99 -1 -1 -1 -1 
225 24 563 304 62 87 -1 -1 -1 -1 
225 60 484 267 77 96 -1 -1 -1 -1 
226 24 563 304 60 87 -1 -1 -1 -1 
226 60 479 266 81 101 -1 -1 -1 -1 
227 24 563 304 61 87 -1 -1 -1 -1 
227 60 473 266 87 106 -1 -1 -1 -1 
228 24 563 303 60 88 -1 -1 -1 -1 
228 60 474 266 86 107 -1 -1 -1 -1 
229 24 563 305 60 86 -1 -1 -1 -1 
229 60 476 268 84 103 -1 -1 -1 -1 
230 24 563 306 60 81 -1 -1 -1 -1 
230 60 480 271 80 113 -1 -1 -1 -1 
231 24 563 305 61 83 -1 -1 -1 -1 
231 60 477 275 84 120 -1 -1 -1 -1 
232 24 563 306 61 83 -1 -1 -1 -1 
232 60 478 277 83 119 -1 -1 -1 -1 
233 24 563 305 62 85 -1 -1 -1 -1 
233 36 288 272 60 123 -1 -1 -1 -1 
233 60 477 281 86 117 -1 -1 -1 -1 
234 24 563 304 64 85 -1 -1 -1 -1 
234 36 288 272 60 123 -1 -1 -1 -1 
234 60 477 282 86 114 -1 -1 -1 -1 
235 24 563 304 70 86 -1 -1 -1 -1 
235 60 478 281 84 115 -1 -1 -1 -1 
235 66 499 164 43 48 -1 -1 -1 -1 
236 24 563 305 67 81 -1 -1 -1 -1 
236 60 476 273 85 121 -1 -1 -1 -1 
237 24 564 305 65 81 -1 -1 -1 -1 
237 60 476 272 84 123 -1 -1 -1 -1 
238 24 563 305 70 83 -1 -1 -1 -1 
238 60 474 265 86 103 -1 -1 -1 -1 
239 24 562 304 73 87 -1 -1 -1 -1 
239 60 515 268 45 78 -1 -1 -1 -1 
239 66 501 164 41 48 -1 -1 -1 -1 
240 24 562 304 74 84 -1 -1 -1 -1 
240 60 453 272 107 121 -1 -1 -1 -1 
240 66 502 164 40 48 -1 -1 -1 -1 
241 24 563 306 64 82 -1 -1 -1 -1 
241 60 458 275 102 118 -1 -1 -1 -1 
241 66 502 164 40 48 -1 -1 -1 -1 
242 24 563 305 66 81 -1 -1 -1 -1 
242 60 466 272 94 121 -1 -1 -1 -1 
243 24 563 306 62 81 -1 -1 -1 -1 
243 60 468 276 93 118 -1 -1 -1 -1 
244 24 563 304 62 84 -1 -1 -1 -1 
244 60 468 276 93 118 -1 -1 -1 -1 
245 24 563 303 64 86 -1 -1 -1 -1 
245 60 490 267 70 95 -1 -1 -1 -1 
246 24 562 302 66 88 -1 -1 -1 -1 
246 60 517 268 43 81 -1 -1 -1 -1 
247 24 563 303 65 86 -1 -1 -1 -1 
247 60 517 268 43 81 -1 -1 -1 -1 
247 66 503 164 39 48 -1 -1 -1 -1 
248 24 563 304 66 84 -1 -1 -1 -1 
248 66 503 165 39 47 -1 -1 -1 -1 
249 24 563 304 72 85 -1 -1 -1 -1 
249 66 503 165 39 47 -1 -1 -1 -1 
250 24 563 303 75 87 -1 -1 -1 -1 
250 60 465 278 98 117 -1 -1 -1 -1 
251 24 563 304 69 85 -1 -1 -1 -1 
251 60 473 276 88 111 -1 -1 -1 -1 
252 24 563 304 70 86 -1 -1 -1 -1 
252 60 471 279 93 115 -1 -1 -1 -1 
252 66 498 166 44 47 -1 -1 -1 -1 
253 24 563 306 68 83 -1 -1 -1 -1 
253 60 471 277 92 116 -1 -1 -1 -1 
254 24 563 305 69 84 -1 -1 -1 -1 
254 60 471 277 92 115 -1 -1 -1 -1 
255 24 563 305 64 85 -1 -1 -1 -1 
255 60 478 275 83 118 -1 -1 -1 -1 
256 24 563 304 64 86 -1 -1 -1 -1 
256 60 475 273 86 116 -1 -1 -1 -1 
256 71 529 125 32 133 -1 -1 -1 -1 
257 24 563 304 64 86 -1 -1 -1 -1 
257 60 471 269 90 113 -1 -1 -1 -1 
258 24 563 302 75 87 -1 -1 -1 -1 
258 60 469 270 91 107 -1 -1 -1 -1 
258 71 530 125 31 129 -1 -1 -1 -1 
259 24 563 305 75 80 -1 -1 -1 -1 
259 60 468 276 89 117 -1 -1 -1 -1 
259 71 529 125 32 132 -1 -1 -1 -1 
260 24 564 308 75 74 -1 -1 -1 -1 
260 60 469 280 91 115 -1 -1 -1 -1 
260 71 529 124 32 131 -1 -1 -1 -1 
261 24 563 309 74 80 -1 -1 -1 -1 
261 60 471 280 89 115 -1 -1 -1 -1 
261 71 530 125 31 126 -1 -1 -1 -1 
262 24 563 309 74 80 -1 -1 -1 -1 
263 60 472 279 89 116 -1 -1 -1 -1 
263 71 529 125 32 127 -1 -1 -1 -1 
264 60 473 282 87 112 -1 -1 -1 -1 
264 71 529 125 32 127 -1 -1 -1 -1 
265 24 562 305 67 84 -1 -1 -1 -1 
265 60 473 282 90 114 -1 -1 -1 -1 
265 71 529 125 32 126 -1 -1 -1 -1 
266 24 563 304 62 84 -1 -1 -1 -1 
266 60 469 279 95 116 -1 -1 -1 -1 
267 24 563 303 63 85 -1 -1 -1 -1 
267 60 471 282 93 113 -1 -1 -1 -1 
268 24 563 303 66 86 -1 -1 -1 -1 
268 60 472 281 92 114 -1 -1 -1 -1 
269 24 562 303 72 87 -1 -1 -1 -1 
269 60 470 281 94 113 -1 -1 -1 -1 
270 24 562 304 69 86 -1 -1 -1 -1 
270 60 469 280 95 115 -1 -1 -1 -1 
271 24 562 305 66 86 -1 -1 -1 -1 
271 60 470 280 94 116 -1 -1 -1 -1 
271 75 527 127 34 101 -1 -1 -1 -1 
272 24 562 304 71 85 -1 -1 -1 -1 
272 60 470 280 94 115 -1 -1 -1 -1 
272 75 528 126 33 102 -1 -1 -1 -1 
273 24 562 304 64 86 -1 -1 -1 -1 
273 60 470 280 94 115 -1 -1 -1 -1 
273 75 528 126 33 102 -1 -1 -1 -1 
274 24 562 302 70 89 -1 -1 -1 -1 
274 60 469 280 95 116 -1 -1 -1 -1 
274 75 529 125 32 114 -1 -1 -1 -1 
275 24 562 303 67 88 -1 -1 -1 -1 
275 60 469 280 95 116 -1 -1 -1 -1 
275 75 528 125 33 117 -1 -1 -1 -1 
276 24 562 302 76 88 -1 -1 -1 -1 
276 60 480 280 83 116 -1 -1 -1 -1 
276 75 529 126 32 124 -1 -1 -1 -1 
277 24 562 299 77 92 -1 -1 -1 -1 
277 60 467 277 95 118 -1 -1 -1 -1 
277 75 528 125 32 122 -1 -1 -1 -1 
278 24 562 298 77 94 -1 -1 -1 -1 
278 60 463 267 99 128 -1 -1 -1 -1 
278 75 528 125 33 128 -1 -1 -1 -1 
279 24 562 298 77 94 -1 -1 -1 -1 
280 60 470 240 89 155 -1 -1 -1 -1 
281 24 561 304 73 90 -1 -1 -1 -1 
281 60 471 269 85 126 -1 -1 -1 -1 
282 24 561 304 73 90 -1 -1 -1 -1 
282 60 470 268 86 127 -1 -1 -1 -1 
282 76 528 125 33 87 -1 -1 -1 -1 
283 24 562 305 69 86 -1 -1 -1 -1 
283 60 469 269 84 125 -1 -1 -1 -1 
284 24 562 305 69 86 -1 -1 -1 -1 
284 60 470 251 142 144 -1 -1 -1 -1 
284 75 528 124 33 133 -1 -1 -1 -1 
285 60 465 227 93 169 -1 -1 -1 -1 
285 75 484 129 76 129 -1 -1 -1 -1 
286 60 465 238 102 158 -1 -1 -1 -1 
286 75 526 128 35 133 -1 -1 -1 -1 
286 78 536 256 100 140 -1 -1 -1 -1 
287 60 471 257 133 137 -1 -1 -1 -1 
287 75 528 126 34 123 -1 -1 -1 -1 
287 78 536 256 100 140 -1 -1 -1 -1 
288 60 471 257 133 137 -1 -1 -1 -1 
288 75 523 126 39 112 -1 -1 -1 -1 
289 75 524 127 38 122 -1 -1 -1 -1 
289 80 478 142 54 69 -1 -1 -1 -1 
290 75 533 127 29 115 -1 -1 -1 -1 
290 80 478 142 54 69 -1 -1 -1 -1 
291 60 473 280 86 113 -1 -1 -1 -1 
291 75 517 128 45 133 -1 -1 -1 -1 
292 60 472 282 85 109 -1 -1 -1 -1 
292 71 527 127 34 128 -1 -1 -1 -1 
293 24 560 307 79 81 -1 -1 -1 -1 
293 60 474 278 82 97 -1 -1 -1 -1 
294 24 565 308 73 78 -1 -1 -1 -1 
294 60 473 278 91 119 -1 -1 -1 -1 
295 24 565 307 74 80 -1 -1 -1 -1 
295 60 473 279 92 119 -1 -1 -1 -1 
296 24 565 307 74 80 -1 -1 -1 -1 
296 60 476 278 88 119 -1 -1 -1 -1 
297 24 565 307 74 80 -1 -1 -1 -1 
297 60 474 278 90 118 -1 -1 -1 -1 
298 60 475 280 90 117 -1 -1 -1 -1 
299 60 470 272 90 94 -1 -1 -1 -1 
300 60 470 272 90 94 -1 -1 -1 -1 
302 60 450 272 110 121 -1 -1 -1 -1 
302 83 472 127 80 84 -1 -1 -1 -1 
303 60 450 272 110 121 -1 -1 -1 -1 
304 60 465 272 97 111 -1 -1 -1 -1 
305 60 466 279 99 121 -1 -1 -1 -1 
305 85 529 126 35 124 -1 -1 -1 -1 
306 24 564 301 75 88 -1 -1 -1 -1 
306 60 468 285 97 112 -1 -1 -1 -1 
306 85 529 126 35 124 -1 -1 -1 -1 
307 24 564 301 75 88 -1 -1 -1 -1 
307 60 466 282 97 116 -1 -1 -1 -1 
308 60 466 282 97 116 -1 -1 -1 -1 
311 24 561 308 78 80 -1 -1 -1 -1 
311 60 475 267 82 128 -1 -1 -1 -1 
312 24 560 307 79 81 -1 -1 -1 -1 
312 60 474 270 86 128 -1 -1 -1 -1 
312 91 520 135 54 122 -1 -1 -1 -1 
313 24 561 302 78 85 -1 -1 -1 -1 
313 60 476 278 87 117 -1 -1 -1 -1 
313 91 515 135 59 86 -1 -1 -1 -1 
313 92 590 287 49 49 -1 -1 -1 -1 
314 24 561 305 78 83 -1 -1 -1 -1 
314 60 476 282 88 115 -1 -1 -1 -1 
314 91 517 133 54 109 -1 -1 -1 -1 
314 92 590 287 49 48 -1 -1 -1 -1 
315 24 561 305 78 83 -1 -1 -1 -1 
315 60 473 270 88 125 -1 -1 -1 -1 
315 91 530 134 39 114 -1 -1 -1 -1 
316 60 473 270 88 125 -1 -1 -1 -1 
316 91 529 133 40 110 -1 -1 -1 -1 
317 24 560 305 79 83 -1 -1 -1 -1 
317 60 467 283 96 114 -1 -1 -1 -1 
317 91 525 133 45 110 -1 -1 -1 -1 
317 92 588 283 51 49 -1 -1 -1 -1 
318 24 559 304 79 84 -1 -1 -1 -1 
318 60 466 271 94 113 -1 -1 -1 -1 
318 91 525 133 45 110 -1 -1 -1 -1 
319 24 558 304 80 82 -1 -1 -1 -1 
319 60 466 271 94 113 -1 -1 -1 -1 
319 91 532 133 40 134 -1 -1 -1 -1 
320 24 560 303 78 84 -1 -1 -1 -1 
320 91 532 133 40 134 -1 -1 -1 -1 
320 92 588 284 51 45 -1 -1 -1 -1 
321 24 562 305 77 78 -1 -1 -1 -1 
321 60 469 285 96 112 -1 -1 -1 -1 
321 92 588 284 51 46 -1 -1 -1 -1 
322 24 561 304 78 81 -1 -1 -1 -1 
322 60 470 288 95 109 -1 -1 -1 -1 
322 92 588 285 50 44 -1 -1 -1 -1 
323 24 561 302 78 84 -1 -1 -1 -1 
323 60 468 286 97 111 -1 -1 -1 -1 
323 92 589 285 50 43 -1 -1 -1 -1 
324 24 561 299 78 86 -1 -1 -1 -1 
324 60 477 287 87 111 -1 -1 -1 -1 
324 92 591 286 48 41 -1 -1 -1 -1 
325 24 561 295 78 94 -1 -1 -1 -1 
325 60 473 284 90 114 -1 -1 -1 -1 
325 91 531 133 41 102 -1 -1 -1 -1 
325 92 592 288 47 45 -1 -1 -1 -1 
326 24 561 299 78 88 -1 -1 -1 -1 
326 60 473 285 90 114 -1 -1 -1 -1 
326 91 530 134 41 131 -1 -1 -1 -1 
326 92 595 289 44 48 -1 -1 -1 -1 
327 24 562 283 77 106 -1 -1 -1 -1 
327 60 472 286 92 112 -1 -1 -1 -1 
327 91 530 134 41 131 -1 -1 -1 -1 
328 24 562 295 77 96 -1 -1 -1 -1 
328 60 474 285 90 114 -1 -1 -1 -1 
328 92 593 286 46 46 -1 -1 -1 -1 
329 24 562 295 77 96 -1 -1 -1 -1 
330 60 475 285 87 114 -1 -1 -1 -1 
331 60 474 269 88 89 -1 -1 -1 -1 
332 24 564 305 68 86 -1 -1 -1 -1 
332 60 470 270 93 122 -1 -1 -1 -1 
333 24 564 305 68 86 -1 -1 -1 -1 
334 24 562 306 73 83 -1 -1 -1 -1 
334 60 469 272 93 123 -1 -1 -1 -1 
335 24 562 306 73 83 -1 -1 -1 -1 
336 60 468 269 89 101 -1 -1 -1 -1 
336 96 522 133 44 86 -1 -1 -1 -1 
337 60 468 267 93 103 -1 -1 -1 -1 
337 96 510 134 69 80 -1 -1 -1 -1 
338 60 468 268 92 104 -1 -1 -1 -1 
339 60 468 270 92 100 -1 -1 -1 -1 
340 60 468 273 92 98 -1 -1 -1 -1 
342 60 467 266 93 110 -1 -1 -1 -1 
343 60 469 267 91 101 -1 -1 -1 -1 
344 60 469 267 91 99 -1 -1 -1 -1 
345 60 470 267 90 96 -1 -1 -1 -1 
345 102 584 205 52 58 -1 -1 -1 -1 
346 60 469 267 91 100 -1 -1 -1 -1 
346 102 584 206 51 57 -1 -1 -1 -1 
346 103 515 126 48 132 -1 -1 -1 -1 
347 60 468 267 92 109 -1 -1 -1 -1 
347 102 584 206 50 55 -1 -1 -1 -1 
347 103 513 127 50 122 -1 -1 -1 -1 
348 60 475 268 84 90 -1 -1 -1 -1 
348 102 584 206 50 55 -1 -1 -1 -1 
349 60 478 267 82 92 -1 -1 -1 -1 
349 103 510 126 51 133 -1 -1 -1 -1 
350 60 475 267 84 96 -1 -1 -1 -1 
350 103 515 129 45 135 -1 -1 -1 -1 
351 60 476 268 84 92 -1 -1 -1 -1 
351 103 516 127 47 141 -1 -1 -1 -1 
352 60 478 269 81 88 -1 -1 -1 -1 
352 103 519 127 44 139 -1 -1 -1 -1 
353 60 479 267 79 89 -1 -1 -1 -1 
353 103 513 122 59 136 -1 -1 -1 -1 
354 60 478 267 82 89 -1 -1 -1 -1 
354 103 513 122 59 136 -1 -1 -1 -1 
355 60 476 267 84 90 -1 -1 -1 -1 
356 60 476 267 84 90 -1 -1 -1 -1 
356 104 288 272 60 124 -1 -1 -1 -1 
357 60 476 267 84 90 -1 -1 -1 -1 
357 104 288 273 60 122 -1 -1 -1 -1 
358 60 476 268 84 88 -1 -1 -1 -1 
358 104 288 273 60 122 -1 -1 -1 -1 
358 105 531 131 36 116 -1 -1 -1 -1 
359 60 474 267 87 91 -1 -1 -1 -1 
360 60 471 267 90 100 -1 -1 -1 -1 
361 60 471 267 90 97 -1 -1 -1 -1 
362 60 472 267 90 96 -1 -1 -1 -1 
362 107 528 136 59 135 -1 -1 -1 -1 
363 60 471 267 90 97 -1 -1 -1 -1 
363 107 530 136 58 137 -1 -1 -1 -1 
364 60 483 269 78 85 -1 -1 -1 -1 
364 107 533 136 54 130 -1 -1 -1 -1 
365 60 477 267 83 91 -1 -1 -1 -1 
365 107 535 136 52 116 -1 -1 -1 -1 
366 60 474 268 87 91 -1 -1 -1 -1 
366 107 527 136 43 101 -1 -1 -1 -1 
367 60 475 267 81 92 -1 -1 -1 -1 
367 107 532 135 37 104 -1 -1 -1 -1 
368 60 476 267 80 86 -1 -1 -1 -1 
368 107 536 137 33 81 -1 -1 -1 -1 
369 60 475 268 81 87 -1 -1 -1 -1 
369 107 535 138 35 80 -1 -1 -1 -1 
369 109 555 310 71 83 -1 -1 -1 -1 
370 60 476 267 80 84 -1 -1 -1 -1 
370 107 535 138 35 80 -1 -1 -1 -1 
370 109 552 312 72 83 -1 -1 -1 -1 
371 60 472 267 83 91 -1 -1 -1 -1 
371 109 552 308 74 84 -1 -1 -1 -1 
371 110 512 137 58 89 -1 -1 -1 -1 
372 60 472 267 82 105 -1 -1 -1 -1 
372 109 549 310 77 84 -1 -1 -1 -1 
372 110 529 131 55 140 -1 -1 -1 -1 
373 60 472 267 82 103 -1 -1 -1 -1 
373 109 548 311 79 84 -1 -1 -1 -1 
373 110 522 127 51 90 -1 -1 -1 -1 
374 60 472 267 82 104 -1 -1 -1 -1 
374 103 517 135 41 137 -1 -1 -1 -1 
375 60 473 267 81 99 -1 -1 -1 -1 
375 103 520 139 36 102 -1 -1 -1 -1 
375 109 548 311 82 85 -1 -1 -1 -1 
376 60 474 267 80 100 -1 -1 -1 -1 
376 103 520 136 36 112 -1 -1 -1 -1 
376 109 548 311 81 83 -1 -1 -1 -1 
377 60 476 267 78 94 -1 -1 -1 -1 
377 103 520 137 37 114 -1 -1 -1 -1 
377 109 548 311 81 83 -1 -1 -1 -1 
378 60 473 267 81 95 -1 -1 -1 -1 
378 103 518 137 39 131 -1 -1 -1 -1 
378 109 549 311 82 85 -1 -1 -1 -1 
379 60 473 266 81 98 -1 -1 -1 -1 
379 103 521 137 36 131 -1 -1 -1 -1 
379 109 548 311 83 85 -1 -1 -1 -1 
380 60 472 266 82 99 -1 -1 -1 -1 
380 103 521 135 36 126 -1 -1 -1 -1 
380 109 548 310 83 87 -1 -1 -1 -1 
381 60 473 267 81 104 -1 -1 -1 -1 
381 103 521 136 35 126 -1 -1 -1 -1 
381 109 548 311 81 84 -1 -1 -1 -1 
382 60 473 267 81 105 -1 -1 -1 -1 
382 103 521 136 35 123 -1 -1 -1 -1 
382 104 288 272 60 123 -1 -1 -1 -1 
382 109 548 312 79 83 -1 -1 -1 -1 
383 60 473 267 81 103 -1 -1 -1 -1 
383 103 521 138 36 128 -1 -1 -1 -1 
383 104 288 272 60 123 -1 -1 -1 -1 
384 60 475 267 79 96 -1 -1 -1 -1 
384 103 519 134 38 120 -1 -1 -1 -1 
384 109 549 310 78 84 -1 -1 -1 -1 
385 60 477 267 77 93 -1 -1 -1 -1 
385 103 521 132 36 121 -1 -1 -1 -1 
385 109 548 312 79 83 -1 -1 -1 -1 
386 60 475 267 79 94 -1 -1 -1 -1 
386 103 520 135 36 98 -1 -1 -1 -1 
386 109 550 309 81 85 -1 -1 -1 -1 
387 60 477 267 77 90 -1 -1 -1 -1 
387 103 519 137 37 97 -1 -1 -1 -1 
387 109 549 310 81 85 -1 -1 -1 -1 
388 60 476 268 78 88 -1 -1 -1 -1 
388 103 518 138 38 89 -1 -1 -1 -1 
388 109 553 313 79 82 -1 -1 -1 -1 
389 60 474 268 80 94 -1 -1 -1 -1 
389 103 515 138 41 87 -1 -1 -1 -1 
389 109 561 310 71 70 -1 -1 -1 -1 
390 60 490 267 64 87 -1 -1 -1 -1 
390 103 516 136 40 97 -1 -1 -1 -1 
390 109 564 304 60 82 -1 -1 -1 -1 
391 60 474 266 80 94 -1 -1 -1 -1 
391 103 521 135 35 90 -1 -1 -1 -1 
391 109 564 302 60 85 -1 -1 -1 -1 
392 60 473 267 81 95 -1 -1 -1 -1 
392 103 520 135 36 101 -1 -1 -1 -1 
392 109 563 302 61 88 -1 -1 -1 -1 
393 60 474 266 80 98 -1 -1 -1 -1 
393 103 519 138 37 81 -1 -1 -1 -1 
393 109 563 301 60 90 -1 -1 -1 -1 
394 60 477 266 77 96 -1 -1 -1 -1 
394 103 517 135 39 108 -1 -1 -1 -1 
394 109 562 302 63 89 -1 -1 -1 -1 
395 60 473 266 81 105 -1 -1 -1 -1 
395 103 516 135 40 96 -1 -1 -1 -1 
395 109 560 304 67 89 -1 -1 -1 -1 
396 60 473 267 80 98 -1 -1 -1 -1 
396 103 514 135 42 88 -1 -1 -1 -1 
396 109 560 306 64 91 -1 -1 -1 -1 
397 60 471 267 83 98 -1 -1 -1 -1 
397 103 519 134 37 106 -1 -1 -1 -1 
397 109 559 306 68 90 -1 -1 -1 -1 
398 60 471 267 83 99 -1 -1 -1 -1 
398 103 504 132 55 121 -1 -1 -1 -1 
398 109 560 306 66 84 -1 -1 -1 -1 
399 60 471 266 82 98 -1 -1 -1 -1 
399 103 506 132 51 99 -1 -1 -1 -1 
400 60 472 267 81 94 -1 -1 -1 -1 
400 103 505 132 51 96 -1 -1 -1 -1 
401 60 473 267 80 95 -1 -1 -1 -1 
401 103 500 130 57 99 -1 -1 -1 -1 
402 60 472 282 88 115 -1 -1 -1 -1 
402 103 500 130 57 96 -1 -1 -1 -1 
403 60 470 282 86 114 -1 -1 -1 -1 
403 103 516 135 41 96 -1 -1 -1 -1 
404 60 472 267 81 101 -1 -1 -1 -1 
404 103 505 132 52 113 -1 -1 -1 -1 
405 60 471 267 83 100 -1 -1 -1 -1 
405 103 517 136 39 89 -1 -1 -1 -1 
406 60 474 268 79 93 -1 -1 -1 -1 
406 103 520 137 36 90 -1 -1 -1 -1 
407 60 472 268 81 97 -1 -1 -1 -1 
407 103 519 137 37 80 -1 -1 -1 -1 
408 60 473 268 80 96 -1 -1 -1 -1 
408 103 518 138 38 81 -1 -1 -1 -1 
408 104 288 272 60 123 -1 -1 -1 -1 
409 60 493 268 60 86 -1 -1 -1 -1 
409 103 518 135 38 92 -1 -1 -1 -1 
409 104 288 272 60 123 -1 -1 -1 -1 
410 60 489 268 63 88 -1 -1 -1 -1 
410 103 517 136 39 94 -1 -1 -1 -1 
410 109 557 308 69 84 -1 -1 -1 -1 
411 60 474 267 79 100 -1 -1 -1 -1 
411 103 517 136 39 86 -1 -1 -1 -1 
411 109 557 309 70 83 -1 -1 -1 -1 
412 60 473 267 80 102 -1 -1 -1 -1 
412 103 517 137 39 86 -1 -1 -1 -1 
412 109 556 309 71 83 -1 -1 -1 -1 
413 60 474 267 78 103 -1 -1 -1 -1 
413 103 514 138 42 81 -1 -1 -1 -1 
413 109 554 309 73 85 -1 -1 -1 -1 
414 60 474 267 80 103 -1 -1 -1 -1 
414 103 514 137 42 82 -1 -1 -1 -1 
414 109 554 309 73 85 -1 -1 -1 -1 
415 60 472 268 83 118 -1 -1 -1 -1 
415 103 516 137 40 80 -1 -1 -1 -1 
416 60 473 266 81 104 -1 -1 -1 -1 
416 103 515 136 41 84 -1 -1 -1 -1 
417 60 473 266 81 100 -1 -1 -1 -1 
417 103 513 137 43 84 -1 -1 -1 -1 
418 60 475 266 79 96 -1 -1 -1 -1 
418 103 516 136 40 82 -1 -1 -1 -1 
419 60 474 266 80 101 -1 -1 -1 -1 
419 103 517 137 39 84 -1 -1 -1 -1 
420 60 474 266 80 102 -1 -1 -1 -1 
420 103 516 136 40 91 -1 -1 -1 -1 
421 60 474 266 79 99 -1 -1 -1 -1 
421 103 517 136 39 87 -1 -1 -1 -1 
422 60 474 266 80 101 -1 -1 -1 -1 
422 103 518 138 38 108 -1 -1 -1 -1 
422 109 553 307 77 84 -1 -1 -1 -1 
423 60 474 266 80 99 -1 -1 -1 -1 
423 103 517 137 39 103 -1 -1 -1 -1 
423 109 557 303 71 85 -1 -1 -1 -1 
424 60 474 267 80 99 -1 -1 -1 -1 
424 103 518 137 38 91 -1 -1 -1 -1 
424 109 556 303 72 83 -1 -1 -1 -1 
425 60 473 275 83 119 -1 -1 -1 -1 
425 103 520 135 36 97 -1 -1 -1 -1 
425 109 556 309 74 81 -1 -1 -1 -1 
426 60 473 266 81 108 -1 -1 -1 -1 
426 103 520 135 36 93 -1 -1 -1 -1 
426 109 557 308 74 80 -1 -1 -1 -1 
427 60 474 266 79 106 -1 -1 -1 -1 
427 103 520 135 36 90 -1 -1 -1 -1 
427 109 556 309 75 79 -1 -1 -1 -1 
428 60 474 266 79 102 -1 -1 -1 -1 
428 103 520 136 36 87 -1 -1 -1 -1 
428 109 556 309 75 80 -1 -1 -1 -1 
428 113 593 202 46 116 -1 -1 -1 -1 
429 60 474 266 79 101 -1 -1 -1 -1 
429 103 520 136 36 91 -1 -1 -1 -1 
429 109 553 309 78 84 -1 -1 -1 -1 
430 60 474 266 79 106 -1 -1 -1 -1 
430 103 519 133 37 97 -1 -1 -1 -1 
430 109 553 309 77 84 -1 -1 -1 -1 
430 113 593 210 46 108 -1 -1 -1 -1 
431 60 473 268 81 122 -1 -1 -1 -1 
431 103 523 131 33 108 -1 -1 -1 -1 
431 109 554 308 76 83 -1 -1 -1 -1 
432 60 476 267 78 93 -1 -1 -1 -1 
432 103 521 130 45 99 -1 -1 -1 -1 
432 109 555 309 76 83 -1 -1 -1 -1 
433 60 474 266 79 97 -1 -1 -1 -1 
433 103 525 136 45 93 -1 -1 -1 -1 
433 109 554 310 79 82 -1 -1 -1 -1 
434 60 475 267 78 95 -1 -1 -1 -1 
434 103 523 135 46 101 -1 -1 -1 -1 
434 109 555 310 78 81 -1 -1 -1 -1 
435 60 475 267 77 95 -1 -1 -1 -1 
435 103 523 135 46 101 -1 -1 -1 -1 
435 109 555 311 78 80 -1 -1 -1 -1 
436 60 473 266 79 101 -1 -1 -1 -1 
436 103 526 138 42 90 -1 -1 -1 -1 
436 109 555 310 78 82 -1 -1 -1 -1 
436 113 589 198 50 113 -1 -1 -1 -1 
437 60 475 266 77 96 -1 -1 -1 -1 
437 103 527 138 41 91 -1 -1 -1 -1 
437 109 555 310 78 82 -1 -1 -1 -1 
438 60 473 267 79 103 -1 -1 -1 -1 
438 103 527 138 42 95 -1 -1 -1 -1 
438 113 590 199 49 117 -1 -1 -1 -1 
439 60 472 267 80 104 -1 -1 -1 -1 
439 103 526 135 43 106 -1 -1 -1 -1 
439 113 590 199 49 107 -1 -1 -1 -1 
440 60 471 267 82 107 -1 -1 -1 -1 
440 103 526 130 37 115 -1 -1 -1 -1 
440 113 592 197 47 96 -1 -1 -1 -1 
441 60 474 266 78 104 -1 -1 -1 -1 
441 103 525 139 34 116 -1 -1 -1 -1 
441 113 588 197 51 99 -1 -1 -1 -1 
442 60 473 266 79 107 -1 -1 -1 -1 
442 103 520 134 36 98 -1 -1 -1 -1 
442 113 589 204 50 111 -1 -1 -1 -1 
443 60 473 266 79 106 -1 -1 -1 -1 
443 103 520 134 36 113 -1 -1 -1 -1 
444 60 471 269 82 120 -1 -1 -1 -1 
444 103 516 134 40 102 -1 -1 -1 -1 
444 113 591 203 48 112 -1 -1 -1 -1 
445 60 472 273 82 122 -1 -1 -1 -1 
445 103 517 134 39 109 -1 -1 -1 -1 
445 113 590 198 49 119 -1 -1 -1 -1 
446 60 472 269 81 120 -1 -1 -1 -1 
446 103 518 133 38 115 -1 -1 -1 -1 
446 113 591 200 48 104 -1 -1 -1 -1 
447 60 471 273 81 117 -1 -1 -1 -1 
447 103 520 136 36 90 -1 -1 -1 -1 
448 60 472 277 79 116 -1 -1 -1 -1 
448 103 521 137 35 111 -1 -1 -1 -1 
449 60 472 279 80 116 -1 -1 -1 -1 
449 103 521 137 35 111 -1 -1 -1 -1 
450 60 470 278 80 112 -1 -1 -1 -1 
451 60 473 267 81 101 -1 -1 -1 -1 
452 60 472 266 85 105 -1 -1 -1 -1 
453 60 472 266 84 105 -1 -1 -1 -1 
454 60 473 266 83 105 -1 -1 -1 -1 
454 116 592 197 47 109 -1 -1 -1 -1 
455 60 473 266 83 101 -1 -1 -1 -1 
456 60 473 266 82 102 -1 -1 -1 -1 
457 60 473 266 82 102 -1 -1 -1 -1 
457 109 557 310 77 73 -1 -1 -1 -1 
458 60 473 266 82 105 -1 -1 -1 -1 
458 109 554 310 81 76 -1 -1 -1 -1 
459 60 474 267 81 98 -1 -1 -1 -1 
459 109 554 310 81 76 -1 -1 -1 -1 
460 60 473 266 82 99 -1 -1 -1 -1 
460 113 593 198 46 115 -1 -1 -1 -1 
461 60 479 268 73 87 -1 -1 -1 -1 
461 109 553 309 84 82 -1 -1 -1 -1 
461 113 591 197 48 113 -1 -1 -1 -1 
462 60 473 287 78 108 -1 -1 -1 -1 
462 109 554 311 76 80 -1 -1 -1 -1 
462 113 591 197 48 113 -1 -1 -1 -1 
463 60 470 291 80 105 -1 -1 -1 -1 
463 109 554 311 76 80 -1 -1 -1 -1 
464 60 468 275 83 113 -1 -1 -1 -1 
464 113 591 198 48 113 -1 -1 -1 -1 
465 60 468 267 85 115 -1 -1 -1 -1 
466 60 468 267 85 115 -1 -1 -1 -1 
466 113 593 197 46 112 -1 -1 -1 -1 
467 60 468 267 85 114 -1 -1 -1 -1 
467 109 553 310 76 81 -1 -1 -1 -1 
467 113 592 199 47 115 -1 -1 -1 -1 
468 60 468 267 85 114 -1 -1 -1 -1 
468 109 550 311 77 84 -1 -1 -1 -1 
468 113 593 197 46 152 -1 -1 -1 -1 
468 123 517 134 49 110 -1 -1 -1 -1 
469 60 468 269 85 118 -1 -1 -1 -1 
469 109 550 309 79 86 -1 -1 -1 -1 
469 113 590 198 49 141 -1 -1 -1 -1 
470 60 468 268 84 115 -1 -1 -1 -1 
470 109 549 309 82 87 -1 -1 -1 -1 
470 113 591 198 48 122 -1 -1 -1 -1 
471 60 468 267 85 113 -1 -1 -1 -1 
471 109 550 308 80 87 -1 -1 -1 -1 
471 113 592 198 47 162 -1 -1 -1 -1 
472 60 468 267 85 113 -1 -1 -1 -1 
472 109 551 307 77 87 -1 -1 -1 -1 
472 113 592 198 47 162 -1 -1 -1 -1 
473 60 468 267 85 113 -1 -1 -1 -1 
474 60 467 267 86 117 -1 -1 -1 -1 
474 113 592 196 47 128 -1 -1 -1 -1 
475 60 468 267 85 115 -1 -1 -1 -1 
475 113 592 195 47 154 -1 -1 -1 -1 
476 60 468 267 85 116 -1 -1 -1 -1 
477 60 469 267 84 113 -1 -1 -1 -1 
478 60 468 267 85 112 -1 -1 -1 -1 
478 109 552 309 76 86 -1 -1 -1 -1 
479 60 471 274 87 117 -1 -1 -1 -1 
479 109 564 307 64 84 -1 -1 -1 -1 
479 125 484 144 73 74 -1 -1 -1 -1 
480 60 470 290 81 99 -1 -1 -1 -1 
480 109 552 316 68 73 -1 -1 -1 -1 
480 125 483 160 72 57 -1 -1 -1 -1 
481 60 473 280 77 113 -1 -1 -1 -1 
481 109 552 316 68 73 -1 -1 -1 -1 
482 60 478 271 73 112 -1 -1 -1 -1 
482 125 484 143 73 74 -1 -1 -1 -1 
483 60 478 271 73 112 -1 -1 -1 -1 
484 60 475 267 78 91 -1 -1 -1 -1 
484 113 593 199 46 175 -1 -1 -1 -1 
485 60 477 267 77 87 -1 -1 -1 -1 
485 113 593 195 46 178 -1 -1 -1 -1 
486 60 474 282 82 116 -1 -1 -1 -1 
486 109 551 305 85 90 -1 -1 -1 -1 
486 113 593 196 46 168 -1 -1 -1 -1 
487 60 471 290 86 105 -1 -1 -1 -1 
488 60 469 287 87 109 -1 -1 -1 -1 
489 60 469 287 87 109 -1 -1 -1 -1 
492 130 469 270 90 95 -1 -1 -1 -1 
493 130 519 270 46 93 -1 -1 -1 -1 
494 130 520 271 48 92 -1 -1 -1 -1 
495 130 471 271 89 92 -1 -1 -1 -1 
495 131 521 133 39 126 -1 -1 -1 -1 
496 130 471 271 91 96 -1 -1 -1 -1 
496 131 520 135 41 86 -1 -1 -1 -1 
497 109 557 308 73 84 -1 -1 -1 -1 
497 130 471 271 91 96 -1 -1 -1 -1 
498 109 557 308 73 84 -1 -1 -1 -1 
498 131 527 137 47 115 -1 -1 -1 -1 
499 131 528 133 38 122 -1 -1 -1 -1 
500 130 471 271 94 95 -1 -1 -1 -1 
500 131 525 137 41 127 -1 -1 -1 -1 
501 130 472 282 89 114 -1 -1 -1 -1 
501 131 527 135 39 122 -1 -1 -1 -1 
502 130 472 282 89 114 -1 -1 -1 -1 
504 134 565 308 64 86 -1 -1 -1 -1 
505 134 566 306 63 87 -1 -1 -1 -1 
505 135 476 289 79 109 -1 -1 -1 -1 
506 134 566 306 63 87 -1 -1 -1 -1 
507 135 475 288 81 111 -1 -1 -1 -1 
