3 1 436 103 121 360 -1 -1 -1 -1 
4 1 461 109 95 325 -1 -1 -1 -1 
5 1 491 114 78 310 -1 -1 -1 -1 
6 1 520 118 62 280 -1 -1 -1 -1 
7 1 520 118 62 280 -1 -1 -1 -1 
10 3 594 121 34 61 -1 -1 -1 -1 
11 3 600 124 35 59 -1 -1 -1 -1 
12 3 609 123 30 63 -1 -1 -1 -1 
13 3 613 123 26 60 -1 -1 -1 -1 
14 3 606 124 32 58 -1 -1 -1 -1 
15 3 606 124 32 58 -1 -1 -1 -1 
19 8 479 110 77 300 -1 -1 -1 -1 
20 8 459 112 103 353 -1 -1 -1 -1 
21 8 488 107 85 368 -1 -1 -1 -1 
22 8 494 94 92 383 -1 -1 -1 -1 
23 8 505 100 95 377 -1 -1 -1 -1 
24 8 548 106 85 369 -1 -1 -1 -1 
25 8 558 110 81 366 -1 -1 -1 -1 
30 11 595 111 44 297 -1 -1 -1 -1 
31 11 601 104 38 333 -1 -1 -1 -1 
32 11 602 100 37 341 -1 -1 -1 -1 
33 11 601 102 38 340 -1 -1 -1 -1 
34 11 596 109 43 333 -1 -1 -1 -1 
35 11 591 110 48 331 -1 -1 -1 -1 
36 11 590 109 49 331 -1 -1 -1 -1 
37 11 590 106 49 372 -1 -1 -1 -1 
38 11 596 105 43 350 -1 -1 -1 -1 
39 11 598 107 41 315 -1 -1 -1 -1 
45 11 603 103 36 331 -1 -1 -1 -1 
49 11 604 103 35 335 -1 -1 -1 -1 
56 11 603 108 36 318 -1 -1 -1 -1 
57 11 604 108 35 320 -1 -1 -1 -1 
58 11 603 105 36 326 -1 -1 -1 -1 
59 11 604 103 35 300 -1 -1 -1 -1 
60 11 604 102 35 334 -1 -1 -1 -1 
61 11 604 103 35 333 -1 -1 -1 -1 
62 11 603 104 36 330 -1 -1 -1 -1 
65 11 606 105 33 333 -1 -1 -1 -1 
70 12 528 113 111 361 -1 -1 -1 -1 
71 12 516 108 97 369 -1 -1 -1 -1 
72 12 488 103 115 372 -1 -1 -1 -1 
73 12 460 101 115 378 -1 -1 -1 -1 
74 12 480 96 97 383 -1 -1 -1 -1 
75 12 477 97 107 381 -1 -1 -1 -1 
76 12 469 98 94 381 -1 -1 -1 -1 
77 12 472 98 95 381 -1 -1 -1 -1 
78 12 499 98 127 379 -1 -1 -1 -1 
79 12 530 108 106 370 -1 -1 -1 -1 
80 12 569 111 70 352 -1 -1 -1 -1 
81 12 575 114 64 362 -1 -1 -1 -1 
85 11 577 114 62 334 -1 -1 -1 -1 
86 11 578 115 61 360 -1 -1 -1 -1 
87 11 577 114 62 347 -1 -1 -1 -1 
88 11 592 108 47 332 -1 -1 -1 -1 
92 12 515 111 103 367 -1 -1 -1 -1 
93 12 478 105 115 370 -1 -1 -1 -1 
94 12 437 101 128 377 -1 -1 -1 -1 
95 12 459 102 104 377 -1 -1 -1 -1 
96 12 464 102 98 377 -1 -1 -1 -1 
97 12 462 104 102 375 -1 -1 -1 -1 
98 12 463 105 101 374 -1 -1 -1 -1 
99 12 466 104 102 373 -1 -1 -1 -1 
100 12 494 104 90 375 -1 -1 -1 -1 
101 12 502 106 95 371 -1 -1 -1 -1 
102 12 535 106 102 371 -1 -1 -1 -1 
103 12 535 106 102 371 -1 -1 -1 -1 
132 21 589 113 50 298 -1 -1 -1 -1 
133 21 590 113 49 297 -1 -1 -1 -1 
134 21 589 113 50 299 -1 -1 -1 -1 
135 21 590 115 49 295 -1 -1 -1 -1 
