3 1 461 288 97 120 -1 -1 -1 -1 
3 2 558 201 64 70 -1 -1 -1 -1 
3 3 487 147 47 64 -1 -1 -1 -1 
4 1 461 288 94 124 -1 -1 -1 -1 
4 2 558 201 65 72 -1 -1 -1 -1 
4 3 487 149 45 63 -1 -1 -1 -1 
5 1 461 288 93 122 -1 -1 -1 -1 
5 2 558 202 64 70 -1 -1 -1 -1 
5 3 487 150 45 62 -1 -1 -1 -1 
6 1 461 288 89 121 -1 -1 -1 -1 
6 2 558 201 64 71 -1 -1 -1 -1 
6 3 487 147 47 65 -1 -1 -1 -1 
7 1 460 288 95 124 -1 -1 -1 -1 
7 2 558 201 64 71 -1 -1 -1 -1 
7 3 486 146 48 66 -1 -1 -1 -1 
8 1 461 288 100 125 -1 -1 -1 -1 
8 2 558 201 64 71 -1 -1 -1 -1 
8 3 486 146 48 65 -1 -1 -1 -1 
9 1 460 288 96 125 -1 -1 -1 -1 
9 2 558 201 64 72 -1 -1 -1 -1 
9 3 486 146 48 65 -1 -1 -1 -1 
10 1 460 288 96 125 -1 -1 -1 -1 
10 2 558 200 64 73 -1 -1 -1 -1 
10 3 486 146 48 65 -1 -1 -1 -1 
11 1 460 288 91 123 -1 -1 -1 -1 
11 2 558 201 64 72 -1 -1 -1 -1 
11 3 486 146 48 65 -1 -1 -1 -1 
12 1 460 287 96 126 -1 -1 -1 -1 
12 2 558 200 64 72 -1 -1 -1 -1 
12 3 486 145 48 66 -1 -1 -1 -1 
13 1 461 287 103 122 -1 -1 -1 -1 
13 2 558 196 65 77 -1 -1 -1 -1 
13 3 486 146 49 65 -1 -1 -1 -1 
14 1 461 288 90 119 -1 -1 -1 -1 
14 2 558 197 64 76 -1 -1 -1 -1 
14 3 486 145 49 66 -1 -1 -1 -1 
15 1 461 288 93 121 -1 -1 -1 -1 
15 2 558 197 65 76 -1 -1 -1 -1 
15 3 486 146 49 65 -1 -1 -1 -1 
16 1 461 288 92 120 -1 -1 -1 -1 
16 2 558 197 65 76 -1 -1 -1 -1 
16 3 486 145 49 66 -1 -1 -1 -1 
17 1 461 287 94 122 -1 -1 -1 -1 
17 2 558 197 64 75 -1 -1 -1 -1 
17 3 486 146 49 65 -1 -1 -1 -1 
18 1 461 287 96 120 -1 -1 -1 -1 
18 2 558 199 64 72 -1 -1 -1 -1 
18 3 486 146 49 66 -1 -1 -1 -1 
19 1 461 276 89 126 -1 -1 -1 -1 
19 2 558 200 64 71 -1 -1 -1 -1 
19 3 486 146 49 66 -1 -1 -1 -1 
20 1 461 283 88 120 -1 -1 -1 -1 
20 2 558 199 64 72 -1 -1 -1 -1 
20 3 486 145 49 67 -1 -1 -1 -1 
21 1 462 285 85 115 -1 -1 -1 -1 
21 2 558 201 64 70 -1 -1 -1 -1 
21 3 486 145 48 66 -1 -1 -1 -1 
22 1 461 285 87 118 -1 -1 -1 -1 
22 2 558 191 57 83 -1 -1 -1 -1 
22 3 486 145 52 66 -1 -1 -1 -1 
23 1 461 285 90 119 -1 -1 -1 -1 
23 2 557 191 55 85 -1 -1 -1 -1 
23 3 486 145 52 66 -1 -1 -1 -1 
24 1 461 286 87 118 -1 -1 -1 -1 
24 2 557 190 54 87 -1 -1 -1 -1 
24 3 486 146 52 65 -1 -1 -1 -1 
25 1 461 284 86 120 -1 -1 -1 -1 
25 2 557 188 52 89 -1 -1 -1 -1 
25 3 486 146 52 65 -1 -1 -1 -1 
26 1 461 284 88 119 -1 -1 -1 -1 
26 2 557 188 53 89 -1 -1 -1 -1 
26 3 486 146 51 65 -1 -1 -1 -1 
27 1 460 284 89 118 -1 -1 -1 -1 
27 2 557 189 55 87 -1 -1 -1 -1 
27 3 486 146 52 65 -1 -1 -1 -1 
