10 1 457 72 118 395 -1 -1 -1 -1 
11 1 415 68 119 397 -1 -1 -1 -1 
12 1 391 68 118 409 -1 -1 -1 -1 
13 1 347 69 124 404 -1 -1 -1 -1 
14 1 340 70 89 402 -1 -1 -1 -1 
15 1 323 74 84 399 -1 -1 -1 -1 
16 1 280 71 148 400 -1 -1 -1 -1 
17 1 280 71 148 400 -1 -1 -1 -1 
19 5 387 70 184 406 -1 -1 -1 -1 
20 5 425 64 143 410 -1 -1 -1 -1 
21 5 426 66 153 408 -1 -1 -1 -1 
22 5 443 65 148 411 -1 -1 -1 -1 
22 8 416 141 62 61 -1 -1 -1 -1 
22 9 411 136 94 63 -1 -1 -1 -1 
23 5 468 66 114 412 -1 -1 -1 -1 
23 8 422 142 58 61 -1 -1 -1 -1 
23 9 415 138 91 58 -1 -1 -1 -1 
24 5 471 67 109 411 -1 -1 -1 -1 
24 8 426 148 57 65 -1 -1 -1 -1 
24 9 424 145 82 56 -1 -1 -1 -1 
25 5 447 65 138 411 -1 -1 -1 -1 
25 8 427 152 57 63 -1 -1 -1 -1 
25 9 423 149 83 55 -1 -1 -1 -1 
26 5 490 67 93 405 -1 -1 -1 -1 
27 5 511 72 93 398 -1 -1 -1 -1 
28 5 535 76 86 394 -1 -1 -1 -1 
29 5 570 75 69 403 -1 -1 -1 -1 
503 15 614 155 25 108 -1 -1 -1 -1 
504 15 613 156 26 107 -1 -1 -1 -1 
505 15 614 155 25 108 -1 -1 -1 -1 
506 15 614 156 25 109 -1 -1 -1 -1 
507 15 614 155 25 110 -1 -1 -1 -1 
508 15 613 158 26 107 -1 -1 -1 -1 
509 15 613 158 26 106 -1 -1 -1 -1 
510 15 614 157 25 107 -1 -1 -1 -1 
511 15 614 156 25 108 -1 -1 -1 -1 
512 15 613 156 26 108 -1 -1 -1 -1 
513 15 613 155 26 109 -1 -1 -1 -1 
514 15 613 155 26 109 -1 -1 -1 -1 
517 15 614 157 25 107 -1 -1 -1 -1 
518 15 614 158 25 106 -1 -1 -1 -1 
519 15 614 155 25 110 -1 -1 -1 -1 
520 15 614 156 25 109 -1 -1 -1 -1 
521 15 614 156 25 109 -1 -1 -1 -1 
522 15 614 157 25 108 -1 -1 -1 -1 
523 15 614 158 25 107 -1 -1 -1 -1 
524 15 614 159 25 106 -1 -1 -1 -1 
525 15 614 154 25 111 -1 -1 -1 -1 
526 15 616 155 23 108 -1 -1 -1 -1 
527 15 616 158 23 105 -1 -1 -1 -1 
528 15 614 155 25 109 -1 -1 -1 -1 
529 15 616 159 23 103 -1 -1 -1 -1 
583 18 556 89 81 323 -1 -1 -1 -1 
584 18 543 81 77 314 -1 -1 -1 -1 
585 18 545 82 72 307 -1 -1 -1 -1 
586 18 555 88 76 301 -1 -1 -1 -1 
590 20 575 85 55 304 -1 -1 -1 -1 
591 20 570 77 65 318 -1 -1 -1 -1 
592 20 558 83 78 323 -1 -1 -1 -1 
593 20 541 77 98 376 -1 -1 -1 -1 
689 30 616 163 23 106 -1 -1 -1 -1 
690 30 616 163 23 104 -1 -1 -1 -1 
691 30 617 162 22 105 -1 -1 -1 -1 
692 30 617 162 22 105 -1 -1 -1 -1 
693 30 617 162 22 106 -1 -1 -1 -1 
695 30 616 161 23 107 -1 -1 -1 -1 
696 30 617 160 22 108 -1 -1 -1 -1 
726 33 615 161 24 109 -1 -1 -1 -1 
727 33 615 161 24 109 -1 -1 -1 -1 
728 33 616 161 23 109 -1 -1 -1 -1 
729 33 616 161 23 109 -1 -1 -1 -1 
730 33 615 160 24 111 -1 -1 -1 -1 
731 33 614 161 25 110 -1 -1 -1 -1 
732 33 614 162 25 109 -1 -1 -1 -1 
733 33 614 165 25 104 -1 -1 -1 -1 
734 33 613 166 26 103 -1 -1 -1 -1 
735 33 613 170 26 99 -1 -1 -1 -1 
736 33 613 171 26 98 -1 -1 -1 -1 
737 33 613 172 26 96 -1 -1 -1 -1 
738 33 613 170 26 98 -1 -1 -1 -1 
739 33 613 170 26 97 -1 -1 -1 -1 
740 33 613 170 26 97 -1 -1 -1 -1 
741 33 613 169 26 99 -1 -1 -1 -1 
742 33 613 169 26 99 -1 -1 -1 -1 
743 33 613 169 26 99 -1 -1 -1 -1 
744 33 613 171 26 97 -1 -1 -1 -1 
745 33 613 171 26 97 -1 -1 -1 -1 
746 33 613 171 26 97 -1 -1 -1 -1 
747 33 613 169 26 99 -1 -1 -1 -1 
748 33 615 162 24 108 -1 -1 -1 -1 
749 33 616 164 23 108 -1 -1 -1 -1 
750 33 614 162 25 110 -1 -1 -1 -1 
752 33 614 162 25 111 -1 -1 -1 -1 
753 33 614 162 25 111 -1 -1 -1 -1 
754 33 614 159 25 113 -1 -1 -1 -1 
760 33 613 161 26 113 -1 -1 -1 -1 
761 33 612 161 27 113 -1 -1 -1 -1 
770 33 612 159 27 104 -1 -1 -1 -1 
771 33 612 159 27 104 -1 -1 -1 -1 
772 33 612 158 27 105 -1 -1 -1 -1 
773 33 612 159 27 105 -1 -1 -1 -1 
774 33 612 159 27 106 -1 -1 -1 -1 
775 33 612 159 27 106 -1 -1 -1 -1 
776 33 612 159 27 106 -1 -1 -1 -1 
777 33 612 159 27 106 -1 -1 -1 -1 
798 39 614 168 25 102 -1 -1 -1 -1 
799 39 615 174 24 93 -1 -1 -1 -1 
800 39 615 173 24 95 -1 -1 -1 -1 
801 39 616 172 23 95 -1 -1 -1 -1 
802 39 616 170 23 99 -1 -1 -1 -1 
803 39 613 168 26 106 -1 -1 -1 -1 
804 39 612 167 27 107 -1 -1 -1 -1 
805 39 611 168 28 106 -1 -1 -1 -1 
807 39 611 167 28 105 -1 -1 -1 -1 
820 40 616 167 23 98 -1 -1 -1 -1 
821 40 614 165 25 95 -1 -1 -1 -1 
822 40 614 163 25 98 -1 -1 -1 -1 
846 41 480 71 91 394 -1 -1 -1 -1 
847 41 413 66 112 413 -1 -1 -1 -1 
848 41 386 70 124 404 -1 -1 -1 -1 
849 41 330 69 142 407 -1 -1 -1 -1 
850 41 270 73 95 405 -1 -1 -1 -1 
851 41 220 79 123 390 -1 -1 -1 -1 
852 41 159 84 138 390 -1 -1 -1 -1 
853 41 141 86 156 385 -1 -1 -1 -1 
854 41 141 86 156 385 -1 -1 -1 -1 
856 44 307 59 116 412 -1 -1 -1 -1 
857 44 363 59 121 414 -1 -1 -1 -1 
858 44 408 58 104 421 -1 -1 -1 -1 
859 44 448 62 109 417 -1 -1 -1 -1 
860 44 496 66 88 408 -1 -1 -1 -1 
861 44 516 67 89 404 -1 -1 -1 -1 
862 44 540 69 98 400 -1 -1 -1 -1 
863 44 566 71 73 404 -1 -1 -1 -1 
864 44 566 71 73 404 -1 -1 -1 -1 
914 48 615 161 24 100 -1 -1 -1 -1 
915 48 617 158 22 105 -1 -1 -1 -1 
916 48 617 156 22 108 -1 -1 -1 -1 
917 48 615 165 24 97 -1 -1 -1 -1 
943 53 617 162 22 102 -1 -1 -1 -1 
944 53 617 162 22 102 -1 -1 -1 -1 
945 53 617 162 22 102 -1 -1 -1 -1 
946 53 617 162 22 102 -1 -1 -1 -1 
947 53 617 161 22 103 -1 -1 -1 -1 
948 53 617 162 22 103 -1 -1 -1 -1 
949 53 617 162 22 103 -1 -1 -1 -1 
950 53 617 162 22 103 -1 -1 -1 -1 
951 53 617 162 22 103 -1 -1 -1 -1 
952 53 617 162 22 102 -1 -1 -1 -1 
953 53 617 163 22 102 -1 -1 -1 -1 
954 53 617 163 22 102 -1 -1 -1 -1 
955 53 617 163 22 102 -1 -1 -1 -1 
956 53 617 162 22 103 -1 -1 -1 -1 
957 53 617 162 22 103 -1 -1 -1 -1 
958 53 617 162 22 103 -1 -1 -1 -1 
959 53 617 162 22 103 -1 -1 -1 -1 
960 53 617 161 22 103 -1 -1 -1 -1 
961 53 617 161 22 103 -1 -1 -1 -1 
963 53 617 160 22 105 -1 -1 -1 -1 
964 53 617 161 22 104 -1 -1 -1 -1 
965 53 617 160 22 105 -1 -1 -1 -1 
966 53 617 161 22 104 -1 -1 -1 -1 
967 53 617 161 22 104 -1 -1 -1 -1 
987 55 565 88 63 248 -1 -1 -1 -1 
988 55 517 110 115 317 -1 -1 -1 -1 
989 55 508 212 87 216 -1 -1 -1 -1 
990 55 506 212 87 219 -1 -1 -1 -1 
991 55 518 88 84 337 -1 -1 -1 -1 
991 56 461 390 92 50 -1 -1 -1 -1 
992 55 517 79 117 351 -1 -1 -1 -1 
993 55 520 76 117 353 -1 -1 -1 -1 
994 55 517 80 117 352 -1 -1 -1 -1 
995 55 496 79 100 338 -1 -1 -1 -1 
996 55 484 80 76 347 -1 -1 -1 -1 
997 55 467 78 83 363 -1 -1 -1 -1 
998 55 482 77 74 367 -1 -1 -1 -1 
999 55 443 77 109 390 -1 -1 -1 -1 
1000 55 428 78 98 390 -1 -1 -1 -1 
1001 55 442 78 74 370 -1 -1 -1 -1 
1002 55 448 77 93 354 -1 -1 -1 -1 
1003 55 463 81 94 350 -1 -1 -1 -1 
1004 55 483 82 92 353 -1 -1 -1 -1 
1005 55 497 81 80 358 -1 -1 -1 -1 
1006 55 503 83 108 356 -1 -1 -1 -1 
1007 55 502 82 104 358 -1 -1 -1 -1 
1008 55 504 83 104 356 -1 -1 -1 -1 
1009 55 495 78 103 362 -1 -1 -1 -1 
1010 55 468 81 87 351 -1 -1 -1 -1 
1011 55 468 81 87 351 -1 -1 -1 -1 
1013 66 367 177 112 283 -1 -1 -1 -1 
1014 66 382 149 118 306 -1 -1 -1 -1 
1014 67 544 85 90 350 -1 -1 -1 -1 
1015 66 392 101 73 322 -1 -1 -1 -1 
1015 67 496 80 122 346 -1 -1 -1 -1 
1016 66 381 91 77 336 -1 -1 -1 -1 
1016 67 493 78 94 347 -1 -1 -1 -1 
1017 66 356 89 82 338 -1 -1 -1 -1 
1017 67 483 78 133 350 -1 -1 -1 -1 
1018 66 376 89 80 336 -1 -1 -1 -1 
1018 67 484 82 111 347 -1 -1 -1 -1 
1019 66 376 89 80 336 -1 -1 -1 -1 
1019 67 484 81 126 349 -1 -1 -1 -1 
1020 67 484 81 95 349 -1 -1 -1 -1 
1021 67 484 79 89 352 -1 -1 -1 -1 
1021 69 450 84 62 277 -1 -1 -1 -1 
1022 67 496 76 116 353 -1 -1 -1 -1 
1022 69 447 84 72 295 -1 -1 -1 -1 
1023 67 501 80 112 346 -1 -1 -1 -1 
1023 69 447 86 71 291 -1 -1 -1 -1 
1024 67 504 79 103 347 -1 -1 -1 -1 
1024 69 408 88 95 294 -1 -1 -1 -1 
1025 67 534 78 80 341 -1 -1 -1 -1 
1025 69 408 88 95 294 -1 -1 -1 -1 
1026 67 547 78 66 363 -1 -1 -1 -1 
1027 67 558 74 79 386 -1 -1 -1 -1 
1027 71 317 80 112 398 -1 -1 -1 -1 
1028 67 565 76 74 376 -1 -1 -1 -1 
1028 71 334 72 145 405 -1 -1 -1 -1 
1029 67 596 73 43 394 -1 -1 -1 -1 
1029 71 316 66 142 408 -1 -1 -1 -1 
1030 67 594 69 45 380 -1 -1 -1 -1 
1030 71 315 66 142 406 -1 -1 -1 -1 
1031 67 594 70 45 383 -1 -1 -1 -1 
1031 71 320 66 131 406 -1 -1 -1 -1 
1032 67 595 91 44 371 -1 -1 -1 -1 
1032 71 328 74 113 403 -1 -1 -1 -1 
1033 67 589 91 50 323 -1 -1 -1 -1 
1033 71 330 79 95 399 -1 -1 -1 -1 
1034 67 585 97 54 293 -1 -1 -1 -1 
1034 71 365 82 98 393 -1 -1 -1 -1 
1035 67 585 97 54 293 -1 -1 -1 -1 
1036 71 397 83 118 354 -1 -1 -1 -1 
1037 71 392 83 98 357 -1 -1 -1 -1 
1038 71 362 98 92 352 -1 -1 -1 -1 
1039 71 362 98 92 352 -1 -1 -1 -1 
1041 75 286 163 126 313 -1 -1 -1 -1 
1042 75 326 79 158 398 -1 -1 -1 -1 
1043 75 326 79 158 398 -1 -1 -1 -1 
1058 79 618 160 21 104 -1 -1 -1 -1 
1087 79 619 161 20 103 -1 -1 -1 -1 
1107 83 618 163 21 101 -1 -1 -1 -1 
1123 85 618 161 21 104 -1 -1 -1 -1 
1124 85 618 161 21 104 -1 -1 -1 -1 
1125 85 618 161 21 105 -1 -1 -1 -1 
1126 85 618 161 21 104 -1 -1 -1 -1 
1127 85 618 161 21 104 -1 -1 -1 -1 
1128 85 618 161 21 105 -1 -1 -1 -1 
1129 85 618 161 21 105 -1 -1 -1 -1 
1130 85 618 161 21 105 -1 -1 -1 -1 
1133 87 414 72 97 401 -1 -1 -1 -1 
1134 87 414 72 97 401 -1 -1 -1 -1 
1136 88 551 84 74 300 -1 -1 -1 -1 
1137 88 551 84 74 300 -1 -1 -1 -1 
1213 93 610 88 29 227 -1 -1 -1 -1 
1214 93 611 88 28 223 -1 -1 -1 -1 
1215 93 623 89 16 179 -1 -1 -1 -1 
1269 94 551 92 79 295 -1 -1 -1 -1 
1270 94 530 83 72 313 -1 -1 -1 -1 
1271 94 484 78 97 372 -1 -1 -1 -1 
1272 94 442 73 107 403 -1 -1 -1 -1 
1273 94 428 63 138 413 -1 -1 -1 -1 
1274 94 428 63 138 413 -1 -1 -1 -1 
1295 97 362 64 140 408 -1 -1 -1 -1 
1296 97 386 72 108 404 -1 -1 -1 -1 
1297 97 404 77 83 361 -1 -1 -1 -1 
1298 97 424 81 80 338 -1 -1 -1 -1 
1299 97 426 85 96 293 -1 -1 -1 -1 
1300 97 424 80 79 301 -1 -1 -1 -1 
1301 97 442 83 71 312 -1 -1 -1 -1 
1302 97 463 79 63 319 -1 -1 -1 -1 
1303 97 476 82 87 313 -1 -1 -1 -1 
1304 97 489 83 86 311 -1 -1 -1 -1 
1305 97 531 85 70 314 -1 -1 -1 -1 
1306 97 560 86 67 308 -1 -1 -1 -1 
1307 97 564 85 64 311 -1 -1 -1 -1 
1308 97 577 85 62 231 -1 -1 -1 -1 
1309 97 581 86 58 277 -1 -1 -1 -1 
2258 100 585 72 54 194 -1 -1 -1 -1 
2259 100 580 76 59 176 -1 -1 -1 -1 
2260 100 582 80 57 177 -1 -1 -1 -1 
2261 100 587 80 52 178 -1 -1 -1 -1 
2265 102 587 81 52 187 -1 -1 -1 -1 
3950 113 464 97 157 354 -1 -1 -1 -1 
3951 113 490 97 116 312 -1 -1 -1 -1 
3952 113 524 96 76 310 -1 -1 -1 -1 
3953 113 481 97 118 311 -1 -1 -1 -1 
3954 113 470 97 74 313 -1 -1 -1 -1 
3955 113 475 99 79 338 -1 -1 -1 -1 
3956 113 454 100 114 354 -1 -1 -1 -1 
3957 113 444 86 85 385 -1 -1 -1 -1 
3958 113 449 89 94 390 -1 -1 -1 -1 
3959 113 476 94 110 384 -1 -1 -1 -1 
3960 113 476 94 110 384 -1 -1 -1 -1 
4034 118 464 97 104 365 -1 -1 -1 -1 
4035 118 437 94 121 385 -1 -1 -1 -1 
4036 118 407 95 144 381 -1 -1 -1 -1 
4037 118 384 108 152 370 -1 -1 -1 -1 
4038 118 281 92 222 383 -1 -1 -1 -1 
4039 118 293 80 311 393 -1 -1 -1 -1 
4040 118 344 57 295 413 -1 -1 -1 -1 
4041 118 370 50 269 425 -1 -1 -1 -1 
4042 118 355 49 284 421 -1 -1 -1 -1 
4043 118 353 53 280 420 -1 -1 -1 -1 
4044 118 379 61 260 409 -1 -1 -1 -1 
4045 118 414 30 225 444 -1 -1 -1 -1 
4046 118 418 40 221 435 -1 -1 -1 -1 
4047 118 429 51 210 424 -1 -1 -1 -1 
4048 118 439 44 200 429 -1 -1 -1 -1 
4049 118 429 45 210 427 -1 -1 -1 -1 
4050 118 448 63 191 413 -1 -1 -1 -1 
4054 121 379 57 259 416 -1 -1 -1 -1 
4055 121 392 52 243 420 -1 -1 -1 -1 
4056 121 377 59 250 415 -1 -1 -1 -1 
4057 121 402 70 223 406 -1 -1 -1 -1 
4058 121 407 73 227 405 -1 -1 -1 -1 
4058 123 574 133 65 346 -1 -1 -1 -1 
4059 121 388 77 180 401 -1 -1 -1 -1 
4060 121 393 78 169 401 -1 -1 -1 -1 
4061 121 355 80 247 398 -1 -1 -1 -1 
4062 121 374 76 205 400 -1 -1 -1 -1 
4063 121 386 69 215 405 -1 -1 -1 -1 
4064 121 372 53 241 419 -1 -1 -1 -1 
4065 121 349 63 263 413 -1 -1 -1 -1 
4066 121 353 57 219 417 -1 -1 -1 -1 
4067 121 347 61 283 415 -1 -1 -1 -1 
4068 121 329 66 289 412 -1 -1 -1 -1 
4069 121 322 73 312 401 -1 -1 -1 -1 
4070 121 307 78 327 395 -1 -1 -1 -1 
4071 121 298 84 180 387 -1 -1 -1 -1 
4072 121 294 102 177 372 -1 -1 -1 -1 
4073 121 293 130 179 344 -1 -1 -1 -1 
4074 121 272 134 357 343 -1 -1 -1 -1 
4075 121 91 125 439 350 -1 -1 -1 -1 
4076 121 92 126 394 347 -1 -1 -1 -1 
4077 121 102 96 295 382 -1 -1 -1 -1 
4078 121 135 121 168 354 -1 -1 -1 -1 
4079 121 74 147 128 330 -1 -1 -1 -1 
4080 121 20 162 133 315 -1 -1 -1 -1 
4080 127 607 200 32 239 -1 -1 -1 -1 
4081 121 0 185 75 291 -1 -1 -1 -1 
4081 127 607 201 32 238 -1 -1 -1 -1 
4082 121 0 185 75 291 -1 -1 -1 -1 
4083 127 606 200 33 239 -1 -1 -1 -1 
4084 127 607 201 32 239 -1 -1 -1 -1 
4085 127 607 200 32 240 -1 -1 -1 -1 
4086 127 607 200 32 240 -1 -1 -1 -1 
4087 127 607 199 32 242 -1 -1 -1 -1 
4088 127 607 200 32 241 -1 -1 -1 -1 
4089 127 607 200 32 240 -1 -1 -1 -1 
4089 129 19 164 120 311 -1 -1 -1 -1 
4090 127 607 199 32 242 -1 -1 -1 -1 
4090 129 76 140 139 333 -1 -1 -1 -1 
4091 127 607 198 32 242 -1 -1 -1 -1 
4091 129 76 140 139 333 -1 -1 -1 -1 
4092 127 607 198 32 242 -1 -1 -1 -1 
4093 127 608 199 31 241 -1 -1 -1 -1 
4094 127 607 200 32 240 -1 -1 -1 -1 
4095 127 607 200 32 240 -1 -1 -1 -1 
4095 132 348 106 112 358 -1 -1 -1 -1 
4096 127 608 200 31 240 -1 -1 -1 -1 
4096 132 325 107 88 303 -1 -1 -1 -1 
4097 127 607 198 32 243 -1 -1 -1 -1 
4097 132 299 110 64 274 -1 -1 -1 -1 
4098 127 606 198 33 243 -1 -1 -1 -1 
4098 132 266 106 85 265 -1 -1 -1 -1 
4099 127 607 199 32 242 -1 -1 -1 -1 
4099 132 266 106 85 265 -1 -1 -1 -1 
4100 127 606 198 33 244 -1 -1 -1 -1 
4101 127 607 200 32 240 -1 -1 -1 -1 
4101 133 311 100 85 319 -1 -1 -1 -1 
4102 127 607 198 32 242 -1 -1 -1 -1 
4102 133 268 102 108 373 -1 -1 -1 -1 
4103 127 607 198 32 242 -1 -1 -1 -1 
4103 133 225 111 113 365 -1 -1 -1 -1 
4104 127 607 199 32 241 -1 -1 -1 -1 
4104 133 204 106 136 369 -1 -1 -1 -1 
4105 127 607 198 32 242 -1 -1 -1 -1 
4105 133 174 109 197 368 -1 -1 -1 -1 
4106 127 607 198 32 242 -1 -1 -1 -1 
4107 133 104 88 394 388 -1 -1 -1 -1 
4108 133 110 70 417 400 -1 -1 -1 -1 
4109 133 82 86 365 385 -1 -1 -1 -1 
4110 133 92 107 307 367 -1 -1 -1 -1 
4111 133 248 113 140 361 -1 -1 -1 -1 
4112 127 608 192 31 250 -1 -1 -1 -1 
4112 133 281 105 189 369 -1 -1 -1 -1 
4113 127 608 196 31 244 -1 -1 -1 -1 
4113 133 341 102 150 375 -1 -1 -1 -1 
4114 127 609 195 30 245 -1 -1 -1 -1 
4114 133 378 100 109 377 -1 -1 -1 -1 
4115 127 608 198 31 241 -1 -1 -1 -1 
4115 133 429 91 126 385 -1 -1 -1 -1 
4116 127 608 203 31 237 -1 -1 -1 -1 
4116 133 471 93 71 338 -1 -1 -1 -1 
4117 127 608 202 31 237 -1 -1 -1 -1 
4117 133 492 98 94 319 -1 -1 -1 -1 
4118 127 608 202 31 237 -1 -1 -1 -1 
4119 127 609 198 30 242 -1 -1 -1 -1 
4119 133 540 100 67 312 -1 -1 -1 -1 
4120 127 609 198 30 242 -1 -1 -1 -1 
4121 133 547 99 71 317 -1 -1 -1 -1 
4122 133 550 101 73 314 -1 -1 -1 -1 
4123 133 555 100 66 330 -1 -1 -1 -1 
4124 133 552 99 70 332 -1 -1 -1 -1 
4125 133 555 112 84 326 -1 -1 -1 -1 
4126 133 557 105 82 345 -1 -1 -1 -1 
4127 133 546 101 86 344 -1 -1 -1 -1 
4128 133 553 99 84 361 -1 -1 -1 -1 
4129 133 532 107 107 368 -1 -1 -1 -1 
4130 133 525 96 94 377 -1 -1 -1 -1 
4131 133 534 101 95 372 -1 -1 -1 -1 
4132 133 534 120 105 359 -1 -1 -1 -1 
4133 133 527 98 112 374 -1 -1 -1 -1 
4134 133 529 93 101 373 -1 -1 -1 -1 
4135 127 609 195 30 246 -1 -1 -1 -1 
4135 133 516 94 85 373 -1 -1 -1 -1 
4136 127 607 192 32 251 -1 -1 -1 -1 
4136 133 448 90 149 383 -1 -1 -1 -1 
4137 127 607 192 32 251 -1 -1 -1 -1 
4139 137 498 96 141 379 -1 -1 -1 -1 
4141 127 607 197 32 244 -1 -1 -1 -1 
4142 127 607 199 32 242 -1 -1 -1 -1 
4143 127 606 198 33 243 -1 -1 -1 -1 
4144 127 607 200 32 240 -1 -1 -1 -1 
4145 127 607 199 32 242 -1 -1 -1 -1 
4146 127 607 199 32 242 -1 -1 -1 -1 
4147 127 607 199 32 242 -1 -1 -1 -1 
4151 127 608 198 31 242 -1 -1 -1 -1 
4152 127 607 180 32 266 -1 -1 -1 -1 
4154 127 607 199 32 240 -1 -1 -1 -1 
4155 127 608 199 31 241 -1 -1 -1 -1 
4156 127 607 199 32 241 -1 -1 -1 -1 
4157 127 607 201 32 238 -1 -1 -1 -1 
4158 127 607 200 32 240 -1 -1 -1 -1 
4159 127 607 200 32 240 -1 -1 -1 -1 
4161 127 607 200 32 240 -1 -1 -1 -1 
4165 127 607 199 32 241 -1 -1 -1 -1 
4166 127 607 199 32 241 -1 -1 -1 -1 
4167 127 607 199 32 241 -1 -1 -1 -1 
4169 127 608 199 31 241 -1 -1 -1 -1 
4170 127 607 199 32 242 -1 -1 -1 -1 
4171 127 607 199 32 242 -1 -1 -1 -1 
4172 127 607 197 32 244 -1 -1 -1 -1 
4173 127 607 199 32 241 -1 -1 -1 -1 
4174 127 606 200 33 240 -1 -1 -1 -1 
4175 127 607 199 32 241 -1 -1 -1 -1 
4176 127 607 199 32 242 -1 -1 -1 -1 
4177 127 607 199 32 241 -1 -1 -1 -1 
4178 127 607 198 32 243 -1 -1 -1 -1 
4179 127 607 199 32 241 -1 -1 -1 -1 
4180 127 607 199 32 241 -1 -1 -1 -1 
4181 127 607 199 32 241 -1 -1 -1 -1 
4182 127 607 199 32 241 -1 -1 -1 -1 
4183 127 607 199 32 241 -1 -1 -1 -1 
4184 127 607 199 32 241 -1 -1 -1 -1 
4185 127 607 199 32 241 -1 -1 -1 -1 
4186 127 607 199 32 241 -1 -1 -1 -1 
4187 127 608 199 31 241 -1 -1 -1 -1 
4188 127 607 198 32 243 -1 -1 -1 -1 
4189 127 607 198 32 243 -1 -1 -1 -1 
4190 127 607 198 32 242 -1 -1 -1 -1 
4194 127 606 199 33 241 -1 -1 -1 -1 
4196 127 608 190 31 252 -1 -1 -1 -1 
4197 127 608 194 31 247 -1 -1 -1 -1 
4198 127 608 198 31 243 -1 -1 -1 -1 
4199 127 608 197 31 243 -1 -1 -1 -1 
4200 127 607 195 32 246 -1 -1 -1 -1 
4201 127 607 193 32 248 -1 -1 -1 -1 
4202 127 607 194 32 246 -1 -1 -1 -1 
4237 138 607 200 32 240 -1 -1 -1 -1 
4238 138 607 199 32 242 -1 -1 -1 -1 
4239 138 607 200 32 240 -1 -1 -1 -1 
4240 138 607 201 32 239 -1 -1 -1 -1 
4241 138 607 198 32 243 -1 -1 -1 -1 
4242 138 607 198 32 242 -1 -1 -1 -1 
4243 138 607 199 32 241 -1 -1 -1 -1 
4244 138 607 199 32 241 -1 -1 -1 -1 
4245 138 607 199 32 241 -1 -1 -1 -1 
4246 138 607 199 32 241 -1 -1 -1 -1 
4247 138 607 199 32 240 -1 -1 -1 -1 
4248 138 607 199 32 241 -1 -1 -1 -1 
4249 138 608 200 31 241 -1 -1 -1 -1 
4250 138 608 200 31 240 -1 -1 -1 -1 
4251 138 608 200 31 239 -1 -1 -1 -1 
4252 138 608 201 31 239 -1 -1 -1 -1 
4253 138 608 200 31 241 -1 -1 -1 -1 
4254 138 608 200 31 240 -1 -1 -1 -1 
4255 138 608 200 31 240 -1 -1 -1 -1 
4256 138 607 201 32 240 -1 -1 -1 -1 
4257 138 607 200 32 240 -1 -1 -1 -1 
4258 138 607 200 32 240 -1 -1 -1 -1 
4259 138 607 200 32 240 -1 -1 -1 -1 
4260 138 607 200 32 240 -1 -1 -1 -1 
4261 138 607 200 32 240 -1 -1 -1 -1 
4262 138 607 200 32 240 -1 -1 -1 -1 
4263 138 607 199 32 241 -1 -1 -1 -1 
4264 138 607 199 32 242 -1 -1 -1 -1 
4265 138 607 185 32 258 -1 -1 -1 -1 
4266 138 607 200 32 240 -1 -1 -1 -1 
4267 138 607 200 32 241 -1 -1 -1 -1 
4268 138 606 201 33 239 -1 -1 -1 -1 
4269 138 606 203 33 236 -1 -1 -1 -1 
4270 138 606 199 33 241 -1 -1 -1 -1 
4271 138 604 193 35 247 -1 -1 -1 -1 
4272 138 604 192 35 248 -1 -1 -1 -1 
4273 138 604 193 35 247 -1 -1 -1 -1 
4274 138 604 192 35 248 -1 -1 -1 -1 
4275 138 604 189 35 252 -1 -1 -1 -1 
4276 138 603 193 36 246 -1 -1 -1 -1 
4277 138 603 196 36 243 -1 -1 -1 -1 
4278 138 603 195 36 244 -1 -1 -1 -1 
4279 138 604 202 35 238 -1 -1 -1 -1 
4280 138 604 197 35 244 -1 -1 -1 -1 
4281 138 604 199 35 242 -1 -1 -1 -1 
4282 138 604 201 35 239 -1 -1 -1 -1 
4283 138 604 201 35 239 -1 -1 -1 -1 
4284 138 604 196 35 245 -1 -1 -1 -1 
4285 138 604 194 35 247 -1 -1 -1 -1 
4286 138 604 193 35 249 -1 -1 -1 -1 
4287 138 604 193 35 249 -1 -1 -1 -1 
4288 138 604 192 35 250 -1 -1 -1 -1 
4289 138 604 193 35 249 -1 -1 -1 -1 
4290 138 604 194 35 246 -1 -1 -1 -1 
4291 138 604 194 35 246 -1 -1 -1 -1 
4292 138 604 193 35 249 -1 -1 -1 -1 
4293 138 604 191 35 250 -1 -1 -1 -1 
4294 138 605 191 34 251 -1 -1 -1 -1 
4295 138 604 191 35 252 -1 -1 -1 -1 
4296 138 604 191 35 251 -1 -1 -1 -1 
4297 138 604 192 35 250 -1 -1 -1 -1 
4298 138 605 193 34 249 -1 -1 -1 -1 
4299 138 604 192 35 251 -1 -1 -1 -1 
4300 138 604 191 35 251 -1 -1 -1 -1 
4301 138 604 191 35 251 -1 -1 -1 -1 
4302 138 604 192 35 249 -1 -1 -1 -1 
4303 138 604 192 35 249 -1 -1 -1 -1 
4304 138 604 196 35 244 -1 -1 -1 -1 
4305 138 604 202 35 238 -1 -1 -1 -1 
4306 138 604 210 35 229 -1 -1 -1 -1 
4307 138 604 211 35 227 -1 -1 -1 -1 
4308 138 604 212 35 227 -1 -1 -1 -1 
4309 138 604 213 35 225 -1 -1 -1 -1 
4310 138 604 213 35 225 -1 -1 -1 -1 
4311 138 604 213 35 224 -1 -1 -1 -1 
4312 138 604 213 35 225 -1 -1 -1 -1 
4313 138 604 214 35 223 -1 -1 -1 -1 
4314 138 604 213 35 225 -1 -1 -1 -1 
4315 138 604 213 35 224 -1 -1 -1 -1 
4316 138 604 210 35 229 -1 -1 -1 -1 
4317 138 604 209 35 231 -1 -1 -1 -1 
4318 138 604 208 35 232 -1 -1 -1 -1 
4319 138 604 209 35 230 -1 -1 -1 -1 
4320 138 604 209 35 230 -1 -1 -1 -1 
4321 138 604 209 35 230 -1 -1 -1 -1 
4322 138 604 209 35 230 -1 -1 -1 -1 
4323 138 605 209 34 231 -1 -1 -1 -1 
4324 138 605 209 34 229 -1 -1 -1 -1 
4325 138 605 209 34 230 -1 -1 -1 -1 
4326 138 605 210 34 229 -1 -1 -1 -1 
4327 138 605 210 34 229 -1 -1 -1 -1 
4328 138 605 210 34 228 -1 -1 -1 -1 
4329 138 605 210 34 229 -1 -1 -1 -1 
4330 138 605 210 34 229 -1 -1 -1 -1 
4331 138 605 211 34 227 -1 -1 -1 -1 
4332 138 605 211 34 228 -1 -1 -1 -1 
4333 138 604 211 35 228 -1 -1 -1 -1 
4334 138 604 211 35 228 -1 -1 -1 -1 
4335 138 605 212 34 226 -1 -1 -1 -1 
4336 138 605 212 34 226 -1 -1 -1 -1 
4337 138 604 211 35 227 -1 -1 -1 -1 
4338 138 604 211 35 227 -1 -1 -1 -1 
4339 138 604 211 35 227 -1 -1 -1 -1 
4340 138 604 211 35 227 -1 -1 -1 -1 
4341 138 604 210 35 228 -1 -1 -1 -1 
4342 138 604 210 35 228 -1 -1 -1 -1 
4343 138 604 210 35 228 -1 -1 -1 -1 
4344 138 604 195 35 246 -1 -1 -1 -1 
4345 138 603 192 36 255 -1 -1 -1 -1 
4346 138 603 176 36 289 -1 -1 -1 -1 
4347 138 591 79 48 393 -1 -1 -1 -1 
4348 138 544 79 95 387 -1 -1 -1 -1 
4349 138 510 74 104 386 -1 -1 -1 -1 
4350 138 459 69 127 403 -1 -1 -1 -1 
4351 138 423 58 122 419 -1 -1 -1 -1 
4351 139 605 189 34 251 -1 -1 -1 -1 
4352 138 451 62 110 412 -1 -1 -1 -1 
4352 139 605 192 34 248 -1 -1 -1 -1 
4353 138 480 58 115 413 -1 -1 -1 -1 
4354 138 452 51 115 421 -1 -1 -1 -1 
4354 139 605 189 34 253 -1 -1 -1 -1 
4355 138 456 52 101 417 -1 -1 -1 -1 
4355 139 606 193 33 248 -1 -1 -1 -1 
4356 138 457 62 96 414 -1 -1 -1 -1 
4356 139 605 216 34 220 -1 -1 -1 -1 
4357 138 478 64 111 410 -1 -1 -1 -1 
4357 139 605 212 34 225 -1 -1 -1 -1 
4358 138 517 71 98 399 -1 -1 -1 -1 
4358 139 606 211 33 227 -1 -1 -1 -1 
4359 138 545 71 93 394 -1 -1 -1 -1 
4360 138 553 73 86 398 -1 -1 -1 -1 
4361 138 589 49 50 427 -1 -1 -1 -1 
4365 140 607 211 32 232 -1 -1 -1 -1 
4366 140 608 211 31 231 -1 -1 -1 -1 
4367 140 606 212 33 230 -1 -1 -1 -1 
4368 140 607 211 32 231 -1 -1 -1 -1 
4369 140 607 210 32 232 -1 -1 -1 -1 
4370 140 607 211 32 231 -1 -1 -1 -1 
4371 140 606 208 33 250 -1 -1 -1 -1 
4372 140 605 202 34 272 -1 -1 -1 -1 
4373 140 588 78 51 396 -1 -1 -1 -1 
4374 140 578 80 61 393 -1 -1 -1 -1 
4375 140 578 80 61 393 -1 -1 -1 -1 
4376 138 608 214 31 222 -1 -1 -1 -1 
4377 138 609 210 30 228 -1 -1 -1 -1 
4378 138 609 207 30 232 -1 -1 -1 -1 
4379 138 609 207 30 233 -1 -1 -1 -1 
4379 144 296 63 211 414 -1 -1 -1 -1 
4380 138 608 211 31 228 -1 -1 -1 -1 
4380 144 253 65 138 411 -1 -1 -1 -1 
4381 138 608 211 31 228 -1 -1 -1 -1 
4382 144 316 63 136 410 -1 -1 -1 -1 
4383 144 331 59 114 414 -1 -1 -1 -1 
4384 144 377 60 123 415 -1 -1 -1 -1 
4385 144 404 62 99 415 -1 -1 -1 -1 
4386 144 444 66 112 406 -1 -1 -1 -1 
4387 144 444 66 112 406 -1 -1 -1 -1 
4389 146 534 121 105 353 -1 -1 -1 -1 
4390 146 541 156 98 321 -1 -1 -1 -1 
4400 147 605 197 34 278 -1 -1 -1 -1 
4401 138 607 213 32 228 -1 -1 -1 -1 
4402 138 607 215 32 225 -1 -1 -1 -1 
4403 138 608 211 31 228 -1 -1 -1 -1 
4404 138 608 213 31 224 -1 -1 -1 -1 
4405 138 608 213 31 224 -1 -1 -1 -1 
4406 138 607 188 32 253 -1 -1 -1 -1 
4407 138 608 207 31 232 -1 -1 -1 -1 
4416 138 608 208 31 230 -1 -1 -1 -1 
4417 138 609 207 30 232 -1 -1 -1 -1 
4418 138 609 209 30 230 -1 -1 -1 -1 
4419 138 608 212 31 226 -1 -1 -1 -1 
4420 138 608 212 31 226 -1 -1 -1 -1 
4421 138 608 211 31 228 -1 -1 -1 -1 
4422 138 607 198 32 242 -1 -1 -1 -1 
4423 138 601 86 38 365 -1 -1 -1 -1 
4424 138 604 97 35 207 -1 -1 -1 -1 
4425 138 588 90 51 226 -1 -1 -1 -1 
4426 138 580 85 59 280 -1 -1 -1 -1 
4427 138 580 85 59 280 -1 -1 -1 -1 
4429 148 608 211 31 227 -1 -1 -1 -1 
4430 148 608 210 31 229 -1 -1 -1 -1 
4431 148 608 207 31 232 -1 -1 -1 -1 
4432 148 608 207 31 232 -1 -1 -1 -1 
4433 152 205 84 165 393 -1 -1 -1 -1 
4434 148 608 206 31 234 -1 -1 -1 -1 
4434 152 255 84 128 393 -1 -1 -1 -1 
4435 148 608 205 31 234 -1 -1 -1 -1 
4435 152 275 84 119 392 -1 -1 -1 -1 
4436 148 608 205 31 235 -1 -1 -1 -1 
4436 152 278 85 137 391 -1 -1 -1 -1 
4437 148 609 205 30 235 -1 -1 -1 -1 
4437 152 242 84 149 392 -1 -1 -1 -1 
4438 148 608 207 31 233 -1 -1 -1 -1 
4438 152 249 84 136 394 -1 -1 -1 -1 
4439 148 608 208 31 231 -1 -1 -1 -1 
4439 152 247 83 130 394 -1 -1 -1 -1 
4440 148 608 209 31 230 -1 -1 -1 -1 
4440 152 250 83 130 395 -1 -1 -1 -1 
4441 148 608 208 31 231 -1 -1 -1 -1 
4441 152 252 83 132 395 -1 -1 -1 -1 
4442 148 608 208 31 230 -1 -1 -1 -1 
4442 152 258 84 127 392 -1 -1 -1 -1 
4443 148 608 209 31 230 -1 -1 -1 -1 
4443 152 260 85 126 391 -1 -1 -1 -1 
4444 148 608 209 31 230 -1 -1 -1 -1 
4445 152 257 84 132 394 -1 -1 -1 -1 
4446 152 258 85 131 393 -1 -1 -1 -1 
4447 148 608 208 31 231 -1 -1 -1 -1 
4447 152 259 86 131 392 -1 -1 -1 -1 
4448 148 608 208 31 231 -1 -1 -1 -1 
4449 152 261 85 143 393 -1 -1 -1 -1 
4450 152 249 73 154 403 -1 -1 -1 -1 
4451 152 235 57 170 417 -1 -1 -1 -1 
4452 152 227 55 179 419 -1 -1 -1 -1 
4453 152 229 54 177 421 -1 -1 -1 -1 
4454 152 230 52 182 423 -1 -1 -1 -1 
4455 152 231 53 180 422 -1 -1 -1 -1 
4456 152 234 51 179 424 -1 -1 -1 -1 
4457 152 172 42 246 435 -1 -1 -1 -1 
4458 152 220 17 190 461 -1 -1 -1 -1 
4459 148 609 209 30 230 -1 -1 -1 -1 
4459 152 232 9 168 468 -1 -1 -1 -1 
4460 148 609 209 30 230 -1 -1 -1 -1 
4461 148 608 209 31 230 -1 -1 -1 -1 
4461 152 223 35 163 440 -1 -1 -1 -1 
4462 148 608 209 31 230 -1 -1 -1 -1 
4463 148 607 208 32 231 -1 -1 -1 -1 
4463 152 175 45 210 429 -1 -1 -1 -1 
4464 148 607 210 32 228 -1 -1 -1 -1 
4464 152 262 92 150 385 -1 -1 -1 -1 
4465 148 607 208 32 231 -1 -1 -1 -1 
4465 152 320 84 79 390 -1 -1 -1 -1 
4466 148 609 209 30 230 -1 -1 -1 -1 
4466 152 320 84 79 390 -1 -1 -1 -1 
4467 148 609 210 30 229 -1 -1 -1 -1 
4468 148 609 210 30 229 -1 -1 -1 -1 
4469 148 608 213 31 226 -1 -1 -1 -1 
4469 153 482 82 91 340 -1 -1 -1 -1 
