3 1 536 241 103 157 -1 -1 -1 -1 
4 1 536 243 103 155 -1 -1 -1 -1 
4 3 475 165 96 123 -1 -1 -1 -1 
5 1 535 242 104 156 -1 -1 -1 -1 
6 1 532 239 107 158 -1 -1 -1 -1 
7 1 533 240 106 157 -1 -1 -1 -1 
8 1 533 240 106 159 -1 -1 -1 -1 
9 1 538 238 101 161 -1 -1 -1 -1 
9 4 475 165 107 123 -1 -1 -1 -1 
10 1 537 238 102 159 -1 -1 -1 -1 
10 4 473 169 111 114 -1 -1 -1 -1 
11 1 536 246 103 151 -1 -1 -1 -1 
11 4 473 168 109 117 -1 -1 -1 -1 
12 1 536 245 103 150 -1 -1 -1 -1 
12 4 472 166 109 120 -1 -1 -1 -1 
13 1 531 248 108 149 -1 -1 -1 -1 
13 4 473 158 97 130 -1 -1 -1 -1 
14 1 534 246 105 153 -1 -1 -1 -1 
14 4 467 147 84 147 -1 -1 -1 -1 
15 1 535 244 104 154 -1 -1 -1 -1 
15 4 467 147 84 147 -1 -1 -1 -1 
16 1 534 252 105 146 -1 -1 -1 -1 
17 1 536 237 103 162 -1 -1 -1 -1 
18 1 538 234 101 165 -1 -1 -1 -1 
19 1 537 240 102 159 -1 -1 -1 -1 
20 1 536 240 103 159 -1 -1 -1 -1 
20 8 459 155 90 209 -1 -1 -1 -1 
21 1 535 239 104 159 -1 -1 -1 -1 
22 1 534 247 105 151 -1 -1 -1 -1 
23 1 534 242 105 157 -1 -1 -1 -1 
24 1 535 244 104 155 -1 -1 -1 -1 
25 1 536 250 103 148 -1 -1 -1 -1 
25 8 460 151 90 209 -1 -1 -1 -1 
26 1 534 246 105 152 -1 -1 -1 -1 
26 8 464 153 86 134 -1 -1 -1 -1 
27 1 535 245 104 152 -1 -1 -1 -1 
27 8 464 154 85 133 -1 -1 -1 -1 
28 1 535 240 104 160 -1 -1 -1 -1 
28 8 464 154 84 130 -1 -1 -1 -1 
29 1 536 241 103 159 -1 -1 -1 -1 
29 8 464 158 83 126 -1 -1 -1 -1 
29 11 543 99 89 177 -1 -1 -1 -1 
30 1 535 249 104 149 -1 -1 -1 -1 
30 8 459 153 88 222 -1 -1 -1 -1 
31 1 534 251 105 147 -1 -1 -1 -1 
31 8 458 153 89 221 -1 -1 -1 -1 
32 1 534 253 105 145 -1 -1 -1 -1 
32 8 460 154 88 208 -1 -1 -1 -1 
33 1 534 246 105 152 -1 -1 -1 -1 
33 8 459 152 90 214 -1 -1 -1 -1 
34 1 533 248 106 150 -1 -1 -1 -1 
34 8 461 155 89 182 -1 -1 -1 -1 
35 1 533 248 106 150 -1 -1 -1 -1 
35 8 464 154 85 135 -1 -1 -1 -1 
35 13 535 78 49 142 -1 -1 -1 -1 
36 1 534 251 105 146 -1 -1 -1 -1 
36 8 464 151 86 138 -1 -1 -1 -1 
36 13 536 77 47 142 -1 -1 -1 -1 
37 1 535 252 104 146 -1 -1 -1 -1 
37 8 471 156 99 126 -1 -1 -1 -1 
37 13 532 91 58 86 -1 -1 -1 -1 
38 1 535 252 104 146 -1 -1 -1 -1 
39 13 533 80 54 88 -1 -1 -1 -1 
40 13 533 82 41 111 -1 -1 -1 -1 
41 13 526 80 46 163 -1 -1 -1 -1 
41 14 531 239 108 156 -1 -1 -1 -1 
42 13 528 80 51 96 -1 -1 -1 -1 
42 14 531 239 108 156 -1 -1 -1 -1 
43 13 535 77 49 101 -1 -1 -1 -1 
43 16 443 150 121 192 -1 -1 -1 -1 
44 13 533 76 49 135 -1 -1 -1 -1 
44 16 449 150 107 236 -1 -1 -1 -1 
45 13 535 74 49 147 -1 -1 -1 -1 
45 16 450 155 104 232 -1 -1 -1 -1 
46 13 536 75 48 146 -1 -1 -1 -1 
46 16 452 157 101 229 -1 -1 -1 -1 
47 13 536 74 49 144 -1 -1 -1 -1 
47 16 452 156 100 222 -1 -1 -1 -1 
48 13 533 73 51 142 -1 -1 -1 -1 
48 16 455 155 98 236 -1 -1 -1 -1 
49 13 535 72 53 142 -1 -1 -1 -1 
49 16 454 154 103 234 -1 -1 -1 -1 
50 13 531 73 51 92 -1 -1 -1 -1 
50 16 460 166 105 218 -1 -1 -1 -1 
51 13 532 72 49 187 -1 -1 -1 -1 
51 16 424 153 115 255 -1 -1 -1 -1 
52 13 532 70 51 181 -1 -1 -1 -1 
52 16 419 145 106 245 -1 -1 -1 -1 
53 13 534 73 46 181 -1 -1 -1 -1 
53 16 421 176 109 221 -1 -1 -1 -1 
54 13 535 72 45 144 -1 -1 -1 -1 
54 16 372 155 134 311 -1 -1 -1 -1 
55 13 534 71 41 136 -1 -1 -1 -1 
55 16 372 145 105 327 -1 -1 -1 -1 
56 13 535 71 43 151 -1 -1 -1 -1 
56 16 373 194 105 282 -1 -1 -1 -1 
57 13 534 71 44 140 -1 -1 -1 -1 
57 16 363 232 110 243 -1 -1 -1 -1 
58 13 535 74 39 138 -1 -1 -1 -1 
58 16 372 224 141 251 -1 -1 -1 -1 
59 13 535 76 43 137 -1 -1 -1 -1 
59 16 372 211 138 263 -1 -1 -1 -1 
60 13 535 80 48 131 -1 -1 -1 -1 
60 16 372 177 122 299 -1 -1 -1 -1 
61 13 534 81 50 172 -1 -1 -1 -1 
61 16 373 172 117 304 -1 -1 -1 -1 
62 13 534 84 51 187 -1 -1 -1 -1 
62 16 373 157 111 318 -1 -1 -1 -1 
63 13 541 93 56 183 -1 -1 -1 -1 
63 16 368 154 113 321 -1 -1 -1 -1 
63 26 526 318 38 80 -1 -1 -1 -1 
64 13 544 96 57 170 -1 -1 -1 -1 
64 16 354 136 117 338 -1 -1 -1 -1 
64 26 526 318 38 80 -1 -1 -1 -1 
65 13 540 89 49 160 -1 -1 -1 -1 
65 16 351 164 108 313 -1 -1 -1 -1 
66 13 531 78 45 170 -1 -1 -1 -1 
66 16 334 151 132 325 -1 -1 -1 -1 
67 13 531 78 45 170 -1 -1 -1 -1 
67 16 351 156 114 321 -1 -1 -1 -1 
67 26 526 319 38 78 -1 -1 -1 -1 
68 16 353 156 115 320 -1 -1 -1 -1 
68 26 527 320 37 77 -1 -1 -1 -1 
69 16 354 156 119 320 -1 -1 -1 -1 
69 26 527 320 37 77 -1 -1 -1 -1 
69 29 355 203 47 56 -1 -1 -1 -1 
70 16 355 153 131 323 -1 -1 -1 -1 
70 29 354 208 54 43 -1 -1 -1 -1 
71 13 533 86 52 180 -1 -1 -1 -1 
71 16 356 157 132 318 -1 -1 -1 -1 
71 29 345 192 69 51 -1 -1 -1 -1 
72 13 540 90 55 177 -1 -1 -1 -1 
72 16 358 153 127 323 -1 -1 -1 -1 
72 29 365 177 54 57 -1 -1 -1 -1 
73 13 535 87 55 180 -1 -1 -1 -1 
73 16 358 153 125 323 -1 -1 -1 -1 
73 29 372 182 48 49 -1 -1 -1 -1 
74 13 531 75 49 193 -1 -1 -1 -1 
74 16 357 155 130 321 -1 -1 -1 -1 
74 29 373 174 52 57 -1 -1 -1 -1 
75 13 531 72 47 125 -1 -1 -1 -1 
75 16 357 154 129 322 -1 -1 -1 -1 
75 26 526 324 41 73 -1 -1 -1 -1 
75 29 382 182 46 54 -1 -1 -1 -1 
76 13 531 73 47 113 -1 -1 -1 -1 
76 16 360 154 128 322 -1 -1 -1 -1 
76 26 526 324 41 73 -1 -1 -1 -1 
76 29 388 185 45 52 -1 -1 -1 -1 
77 13 535 93 52 176 -1 -1 -1 -1 
77 16 361 154 127 322 -1 -1 -1 -1 
77 29 389 188 46 52 -1 -1 -1 -1 
78 13 535 93 52 176 -1 -1 -1 -1 
78 16 359 154 127 321 -1 -1 -1 -1 
78 29 392 188 42 51 -1 -1 -1 -1 
79 16 360 154 127 321 -1 -1 -1 -1 
79 29 393 191 41 50 -1 -1 -1 -1 
79 34 530 244 109 149 -1 -1 -1 -1 
80 16 361 154 126 321 -1 -1 -1 -1 
80 29 391 193 40 45 -1 -1 -1 -1 
81 16 360 154 127 321 -1 -1 -1 -1 
81 29 393 195 40 47 -1 -1 -1 -1 
82 16 360 155 127 319 -1 -1 -1 -1 
82 29 394 200 42 45 -1 -1 -1 -1 
83 16 361 156 126 318 -1 -1 -1 -1 
83 29 396 196 41 49 -1 -1 -1 -1 
84 16 362 155 125 318 -1 -1 -1 -1 
84 29 399 199 38 49 -1 -1 -1 -1 
85 16 362 155 125 319 -1 -1 -1 -1 
85 29 399 199 38 49 -1 -1 -1 -1 
85 38 531 227 95 173 -1 -1 -1 -1 
86 16 361 155 125 318 -1 -1 -1 -1 
86 38 499 205 119 193 -1 -1 -1 -1 
86 39 544 101 68 153 -1 -1 -1 -1 
87 16 361 154 127 319 -1 -1 -1 -1 
87 38 501 199 117 196 -1 -1 -1 -1 
87 39 542 92 53 166 -1 -1 -1 -1 
88 16 361 154 121 321 -1 -1 -1 -1 
88 38 501 197 118 199 -1 -1 -1 -1 
88 39 544 126 63 106 -1 -1 -1 -1 
89 16 359 178 114 297 -1 -1 -1 -1 
89 38 473 197 145 201 -1 -1 -1 -1 
89 39 545 97 78 159 -1 -1 -1 -1 
90 16 355 185 128 291 -1 -1 -1 -1 
90 38 473 195 146 201 -1 -1 -1 -1 
90 39 551 94 62 137 -1 -1 -1 -1 
91 16 378 147 134 324 -1 -1 -1 -1 
91 38 475 194 141 200 -1 -1 -1 -1 
91 39 555 95 52 114 -1 -1 -1 -1 
92 16 423 151 106 231 -1 -1 -1 -1 
92 38 503 208 113 190 -1 -1 -1 -1 
92 39 548 94 61 137 -1 -1 -1 -1 
93 16 423 151 106 231 -1 -1 -1 -1 
93 38 519 240 111 153 -1 -1 -1 -1 
94 38 528 239 103 160 -1 -1 -1 -1 
94 39 551 95 58 138 -1 -1 -1 -1 
95 38 516 233 112 169 -1 -1 -1 -1 
95 39 558 94 48 119 -1 -1 -1 -1 
96 38 514 217 120 185 -1 -1 -1 -1 
96 39 555 92 49 125 -1 -1 -1 -1 
97 38 514 211 123 189 -1 -1 -1 -1 
97 39 555 92 49 125 -1 -1 -1 -1 
98 38 513 213 124 187 -1 -1 -1 -1 
98 41 463 139 97 226 -1 -1 -1 -1 
99 38 513 214 123 183 -1 -1 -1 -1 
99 41 462 143 96 216 -1 -1 -1 -1 
100 38 510 209 122 187 -1 -1 -1 -1 
100 41 459 134 99 234 -1 -1 -1 -1 
101 38 510 209 122 187 -1 -1 -1 -1 
102 41 410 173 138 229 -1 -1 -1 -1 
103 41 407 158 109 228 -1 -1 -1 -1 
104 41 373 138 101 290 -1 -1 -1 -1 
104 42 457 146 102 249 -1 -1 -1 -1 
105 16 462 147 95 247 -1 -1 -1 -1 
105 41 373 138 101 290 -1 -1 -1 -1 
105 42 457 146 102 249 -1 -1 -1 -1 
105 44 523 285 102 113 -1 -1 -1 -1 
106 16 462 147 95 247 -1 -1 -1 -1 
106 44 520 294 98 102 -1 -1 -1 -1 
107 44 531 287 99 99 -1 -1 -1 -1 
108 44 521 285 111 112 -1 -1 -1 -1 
109 44 523 294 114 103 -1 -1 -1 -1 
110 44 523 295 115 102 -1 -1 -1 -1 
111 44 569 298 68 94 -1 -1 -1 -1 
111 50 11 100 93 239 -1 -1 -1 -1 
112 44 522 293 107 103 -1 -1 -1 -1 
112 50 11 85 69 252 -1 -1 -1 -1 
113 44 566 303 60 89 -1 -1 -1 -1 
113 50 0 89 78 225 -1 -1 -1 -1 
114 16 458 140 101 249 -1 -1 -1 -1 
114 44 527 300 96 96 -1 -1 -1 -1 
114 50 0 103 68 210 -1 -1 -1 -1 
115 16 465 143 90 237 -1 -1 -1 -1 
115 44 528 306 101 90 -1 -1 -1 -1 
115 50 0 104 70 211 -1 -1 -1 -1 
116 16 465 143 90 237 -1 -1 -1 -1 
116 44 528 306 101 90 -1 -1 -1 -1 
116 50 0 95 85 225 -1 -1 -1 -1 
117 16 467 144 87 236 -1 -1 -1 -1 
117 50 0 104 85 225 -1 -1 -1 -1 
117 55 538 80 39 138 -1 -1 -1 -1 
118 16 467 144 87 236 -1 -1 -1 -1 
118 50 0 105 87 229 -1 -1 -1 -1 
119 16 463 143 93 245 -1 -1 -1 -1 
119 50 5 96 83 250 -1 -1 -1 -1 
120 16 462 143 93 236 -1 -1 -1 -1 
120 50 29 110 91 257 -1 -1 -1 -1 
121 16 462 144 92 236 -1 -1 -1 -1 
121 50 29 110 91 257 -1 -1 -1 -1 
122 16 460 110 106 287 -1 -1 -1 -1 
123 16 460 141 96 240 -1 -1 -1 -1 
123 59 146 103 69 280 -1 -1 -1 -1 
124 16 461 144 93 237 -1 -1 -1 -1 
124 59 146 103 69 280 -1 -1 -1 -1 
125 16 461 144 93 241 -1 -1 -1 -1 
126 16 463 148 92 240 -1 -1 -1 -1 
127 16 464 150 90 241 -1 -1 -1 -1 
128 16 466 151 90 243 -1 -1 -1 -1 
128 64 551 105 81 116 -1 -1 -1 -1 
129 16 464 145 92 250 -1 -1 -1 -1 
129 64 551 105 81 116 -1 -1 -1 -1 
129 65 357 88 77 252 -1 -1 -1 -1 
130 16 464 143 92 252 -1 -1 -1 -1 
130 65 344 79 84 237 -1 -1 -1 -1 
131 16 461 145 92 249 -1 -1 -1 -1 
131 65 344 79 84 237 -1 -1 -1 -1 
131 67 522 294 44 104 -1 -1 -1 -1 
132 16 461 143 93 249 -1 -1 -1 -1 
132 67 522 295 44 102 -1 -1 -1 -1 
133 16 461 143 94 253 -1 -1 -1 -1 
133 67 522 297 45 100 -1 -1 -1 -1 
134 16 458 143 96 250 -1 -1 -1 -1 
134 67 520 296 46 101 -1 -1 -1 -1 
135 16 463 144 93 246 -1 -1 -1 -1 
135 67 520 296 46 101 -1 -1 -1 -1 
136 16 459 143 97 250 -1 -1 -1 -1 
