48 6 364 1 83 293 -1 -1 -1 -1 
49 6 338 1 105 289 -1 -1 -1 -1 
50 6 319 5 89 310 -1 -1 -1 -1 
51 6 295 27 119 259 -1 -1 -1 -1 
52 6 302 32 126 324 -1 -1 -1 -1 
53 6 321 26 127 324 -1 -1 -1 -1 
54 6 304 43 171 303 -1 -1 -1 -1 
55 6 310 48 166 299 -1 -1 -1 -1 
56 6 316 45 173 302 -1 -1 -1 -1 
57 6 315 46 176 301 -1 -1 -1 -1 
58 6 316 46 174 302 -1 -1 -1 -1 
58 18 463 195 51 82 -1 -1 -1 -1 
59 6 315 45 174 302 -1 -1 -1 -1 
59 18 463 195 51 82 -1 -1 -1 -1 
60 6 315 44 176 304 -1 -1 -1 -1 
61 6 314 46 170 301 -1 -1 -1 -1 
62 6 313 47 173 301 -1 -1 -1 -1 
63 6 313 46 170 302 -1 -1 -1 -1 
64 6 313 46 169 302 -1 -1 -1 -1 
65 6 313 45 150 304 -1 -1 -1 -1 
66 6 315 46 126 303 -1 -1 -1 -1 
67 6 306 53 134 293 -1 -1 -1 -1 
68 6 265 56 138 296 -1 -1 -1 -1 
69 6 266 53 127 287 -1 -1 -1 -1 
70 6 246 56 150 277 -1 -1 -1 -1 
71 6 188 94 178 284 -1 -1 -1 -1 
72 6 189 100 181 278 -1 -1 -1 -1 
73 6 179 81 193 300 -1 -1 -1 -1 
73 25 255 132 121 62 -1 -1 -1 -1 
74 6 176 78 197 303 -1 -1 -1 -1 
74 25 255 132 121 62 -1 -1 -1 -1 
75 6 190 95 182 285 -1 -1 -1 -1 
75 26 305 139 68 35 -1 -1 -1 -1 
76 6 184 89 190 294 -1 -1 -1 -1 
76 26 306 125 70 36 -1 -1 -1 -1 
77 6 173 79 201 299 -1 -1 -1 -1 
77 26 306 125 70 36 -1 -1 -1 -1 
78 6 173 77 203 300 -1 -1 -1 -1 
78 27 203 60 172 119 -1 -1 -1 -1 
79 6 189 102 187 276 -1 -1 -1 -1 
79 26 307 128 72 37 -1 -1 -1 -1 
80 6 190 104 186 274 -1 -1 -1 -1 
80 18 463 192 51 84 -1 -1 -1 -1 
80 26 305 129 74 38 -1 -1 -1 -1 
81 6 189 101 187 278 -1 -1 -1 -1 
81 18 463 192 51 84 -1 -1 -1 -1 
81 26 307 129 73 38 -1 -1 -1 -1 
81 27 204 60 175 118 -1 -1 -1 -1 
82 6 187 100 189 280 -1 -1 -1 -1 
82 18 463 193 51 83 -1 -1 -1 -1 
82 26 306 129 74 39 -1 -1 -1 -1 
82 27 203 61 176 116 -1 -1 -1 -1 
83 6 190 101 185 280 -1 -1 -1 -1 
83 18 463 193 51 83 -1 -1 -1 -1 
83 26 306 129 73 37 -1 -1 -1 -1 
84 6 192 100 183 281 -1 -1 -1 -1 
84 26 307 129 72 36 -1 -1 -1 -1 
84 27 199 61 178 112 -1 -1 -1 -1 
85 6 216 94 167 273 -1 -1 -1 -1 
86 6 268 59 102 284 -1 -1 -1 -1 
87 6 268 59 102 284 -1 -1 -1 -1 
89 29 405 3 71 327 -1 -1 -1 -1 
90 29 431 2 85 288 -1 -1 -1 -1 
99 32 557 27 82 269 -1 -1 -1 -1 
100 32 557 30 82 267 -1 -1 -1 -1 
101 32 556 29 83 265 -1 -1 -1 -1 
101 33 552 3 80 292 -1 -1 -1 -1 
102 32 558 35 81 262 -1 -1 -1 -1 
102 33 556 3 79 289 -1 -1 -1 -1 
103 32 562 137 77 159 -1 -1 -1 -1 
104 32 562 69 77 228 -1 -1 -1 -1 
108 18 463 194 50 82 -1 -1 -1 -1 
109 18 463 194 50 83 -1 -1 -1 -1 
110 18 463 194 50 82 -1 -1 -1 -1 
111 18 463 194 50 82 -1 -1 -1 -1 
112 18 463 196 50 79 -1 -1 -1 -1 
139 18 463 193 50 83 -1 -1 -1 -1 
140 18 463 193 50 83 -1 -1 -1 -1 
141 18 463 193 50 82 -1 -1 -1 -1 
142 18 463 193 50 83 -1 -1 -1 -1 
143 18 463 194 51 81 -1 -1 -1 -1 
169 18 463 193 50 84 -1 -1 -1 -1 
170 18 463 193 50 84 -1 -1 -1 -1 
171 18 463 194 50 82 -1 -1 -1 -1 
172 18 463 196 51 80 -1 -1 -1 -1 
