3 1 469 112 98 343 -1 -1 -1 -1 
3 2 0 340 25 119 -1 -1 -1 -1 
3 3 0 333 30 123 -1 -1 -1 -1 
3 4 0 250 27 205 -1 -1 -1 -1 
4 1 486 111 73 307 -1 -1 -1 -1 
4 2 0 339 25 120 -1 -1 -1 -1 
4 3 0 333 30 123 -1 -1 -1 -1 
4 4 0 251 27 204 -1 -1 -1 -1 
5 1 494 116 96 295 -1 -1 -1 -1 
5 2 0 340 25 119 -1 -1 -1 -1 
5 3 0 333 30 123 -1 -1 -1 -1 
5 4 0 251 27 204 -1 -1 -1 -1 
6 1 494 116 96 295 -1 -1 -1 -1 
6 2 0 336 23 121 -1 -1 -1 -1 
6 3 0 334 28 121 -1 -1 -1 -1 
6 4 0 252 26 203 -1 -1 -1 -1 
7 2 0 338 24 120 -1 -1 -1 -1 
7 3 0 334 30 121 -1 -1 -1 -1 
7 4 0 251 27 204 -1 -1 -1 -1 
