3 1 460 247 98 152 -1 -1 -1 -1 
3 2 553 292 69 97 -1 -1 -1 -1 
3 4 544 110 47 125 -1 -1 -1 -1 
4 1 462 246 96 152 -1 -1 -1 -1 
4 2 553 292 69 96 -1 -1 -1 -1 
4 4 544 106 48 125 -1 -1 -1 -1 
5 1 463 245 95 154 -1 -1 -1 -1 
5 2 553 294 69 95 -1 -1 -1 -1 
5 4 544 101 49 123 -1 -1 -1 -1 
6 1 463 244 94 156 -1 -1 -1 -1 
6 2 552 293 70 96 -1 -1 -1 -1 
6 4 543 100 51 128 -1 -1 -1 -1 
7 1 462 242 95 160 -1 -1 -1 -1 
7 2 552 293 69 95 -1 -1 -1 -1 
7 4 544 100 51 117 -1 -1 -1 -1 
8 1 462 243 95 159 -1 -1 -1 -1 
8 2 552 294 69 94 -1 -1 -1 -1 
8 4 543 101 52 117 -1 -1 -1 -1 
9 1 462 243 96 158 -1 -1 -1 -1 
9 2 553 294 68 94 -1 -1 -1 -1 
9 4 543 101 52 119 -1 -1 -1 -1 
10 1 462 242 96 160 -1 -1 -1 -1 
10 2 553 294 68 94 -1 -1 -1 -1 
10 4 543 102 52 116 -1 -1 -1 -1 
11 1 462 242 96 160 -1 -1 -1 -1 
11 2 552 294 69 94 -1 -1 -1 -1 
11 4 543 108 49 105 -1 -1 -1 -1 
12 1 463 242 96 158 -1 -1 -1 -1 
12 2 553 293 69 95 -1 -1 -1 -1 
13 1 462 242 96 159 -1 -1 -1 -1 
13 2 553 294 68 95 -1 -1 -1 -1 
14 1 462 242 96 159 -1 -1 -1 -1 
14 2 554 293 67 95 -1 -1 -1 -1 
15 1 463 240 94 163 -1 -1 -1 -1 
15 2 554 293 68 95 -1 -1 -1 -1 
16 1 463 240 94 163 -1 -1 -1 -1 
16 2 553 292 69 96 -1 -1 -1 -1 
16 4 543 120 53 98 -1 -1 -1 -1 
17 1 463 240 96 164 -1 -1 -1 -1 
17 2 555 291 66 97 -1 -1 -1 -1 
17 4 543 118 52 92 -1 -1 -1 -1 
18 1 463 241 95 163 -1 -1 -1 -1 
18 2 555 291 67 97 -1 -1 -1 -1 
18 4 543 109 52 102 -1 -1 -1 -1 
19 1 463 241 94 163 -1 -1 -1 -1 
19 2 555 291 67 98 -1 -1 -1 -1 
19 4 542 102 55 116 -1 -1 -1 -1 
20 1 462 241 95 165 -1 -1 -1 -1 
20 2 554 290 68 99 -1 -1 -1 -1 
20 4 543 97 57 121 -1 -1 -1 -1 
21 1 460 242 97 163 -1 -1 -1 -1 
21 2 554 293 69 97 -1 -1 -1 -1 
21 4 543 92 60 124 -1 -1 -1 -1 
22 1 461 242 96 163 -1 -1 -1 -1 
22 2 554 293 69 97 -1 -1 -1 -1 
22 4 548 91 55 125 -1 -1 -1 -1 
23 1 460 242 98 162 -1 -1 -1 -1 
23 2 554 292 69 98 -1 -1 -1 -1 
23 4 558 94 46 127 -1 -1 -1 -1 
24 1 459 242 99 163 -1 -1 -1 -1 
24 2 553 290 72 102 -1 -1 -1 -1 
24 4 557 94 49 126 -1 -1 -1 -1 
24 10 497 131 52 81 -1 -1 -1 -1 
25 1 461 242 97 159 -1 -1 -1 -1 
25 2 553 291 73 98 -1 -1 -1 -1 
25 4 545 71 60 147 -1 -1 -1 -1 
26 1 461 243 97 155 -1 -1 -1 -1 
26 2 552 292 80 97 -1 -1 -1 -1 
26 4 545 71 60 147 -1 -1 -1 -1 
27 1 462 243 96 153 -1 -1 -1 -1 
27 2 551 297 80 93 -1 -1 -1 -1 
28 1 462 243 96 154 -1 -1 -1 -1 
28 2 552 298 76 91 -1 -1 -1 -1 
28 11 492 154 48 57 -1 -1 -1 -1 
29 1 463 242 94 155 -1 -1 -1 -1 
29 2 552 299 76 90 -1 -1 -1 -1 
29 11 492 153 47 58 -1 -1 -1 -1 
30 1 463 243 95 160 -1 -1 -1 -1 
30 2 551 300 76 91 -1 -1 -1 -1 
30 11 492 153 47 58 -1 -1 -1 -1 
31 1 463 242 95 163 -1 -1 -1 -1 
31 2 552 299 76 91 -1 -1 -1 -1 
31 13 539 89 54 136 -1 -1 -1 -1 
31 14 563 186 68 67 -1 -1 -1 -1 
32 1 463 242 95 163 -1 -1 -1 -1 
32 2 552 300 75 90 -1 -1 -1 -1 
32 13 539 89 54 136 -1 -1 -1 -1 
33 1 465 240 95 164 -1 -1 -1 -1 
33 2 553 300 73 90 -1 -1 -1 -1 
33 15 492 119 54 93 -1 -1 -1 -1 
34 1 463 239 97 166 -1 -1 -1 -1 
34 2 552 299 76 91 -1 -1 -1 -1 
34 14 563 188 57 66 -1 -1 -1 -1 
34 15 492 99 83 116 -1 -1 -1 -1 
35 1 464 238 95 167 -1 -1 -1 -1 
35 2 552 298 77 92 -1 -1 -1 -1 
35 14 563 188 58 63 -1 -1 -1 -1 
36 1 463 239 95 166 -1 -1 -1 -1 
36 2 552 298 75 93 -1 -1 -1 -1 
36 13 538 93 52 134 -1 -1 -1 -1 
36 14 563 188 58 63 -1 -1 -1 -1 
37 1 463 239 95 166 -1 -1 -1 -1 
37 2 552 298 73 91 -1 -1 -1 -1 
37 13 538 93 52 134 -1 -1 -1 -1 
38 1 463 239 95 168 -1 -1 -1 -1 
38 2 553 299 71 90 -1 -1 -1 -1 
38 13 537 95 53 125 -1 -1 -1 -1 
38 16 493 145 49 67 -1 -1 -1 -1 
39 1 464 239 94 167 -1 -1 -1 -1 
39 2 553 299 71 91 -1 -1 -1 -1 
39 13 537 95 53 123 -1 -1 -1 -1 
39 16 493 149 50 63 -1 -1 -1 -1 
40 1 465 238 95 160 -1 -1 -1 -1 
40 2 552 301 74 90 -1 -1 -1 -1 
40 13 540 96 51 119 -1 -1 -1 -1 
40 16 494 148 52 66 -1 -1 -1 -1 
41 1 463 238 97 162 -1 -1 -1 -1 
41 2 553 300 75 91 -1 -1 -1 -1 
41 13 550 97 43 121 -1 -1 -1 -1 
41 16 495 142 49 71 -1 -1 -1 -1 
42 1 464 238 96 160 -1 -1 -1 -1 
42 2 553 299 77 93 -1 -1 -1 -1 
42 13 550 97 43 121 -1 -1 -1 -1 
43 1 463 237 97 161 -1 -1 -1 -1 
43 2 552 302 78 88 -1 -1 -1 -1 
43 15 496 125 53 88 -1 -1 -1 -1 
44 1 462 237 97 163 -1 -1 -1 -1 
44 2 552 301 79 88 -1 -1 -1 -1 
44 15 495 114 52 99 -1 -1 -1 -1 
45 1 463 237 96 164 -1 -1 -1 -1 
45 2 554 302 77 85 -1 -1 -1 -1 
45 15 496 118 51 96 -1 -1 -1 -1 
45 17 550 103 60 119 -1 -1 -1 -1 
46 1 462 237 97 166 -1 -1 -1 -1 
46 2 554 303 76 86 -1 -1 -1 -1 
46 15 497 117 47 90 -1 -1 -1 -1 
46 17 564 104 72 113 -1 -1 -1 -1 
47 1 463 238 97 164 -1 -1 -1 -1 
47 2 556 303 73 86 -1 -1 -1 -1 
47 15 496 118 50 95 -1 -1 -1 -1 
47 17 549 105 69 109 -1 -1 -1 -1 
48 1 462 238 98 165 -1 -1 -1 -1 
48 2 556 303 76 88 -1 -1 -1 -1 
48 15 497 131 50 80 -1 -1 -1 -1 
48 17 565 105 74 120 -1 -1 -1 -1 
49 1 459 236 100 167 -1 -1 -1 -1 
49 2 555 304 80 92 -1 -1 -1 -1 
49 15 494 116 57 96 -1 -1 -1 -1 
50 1 460 235 99 169 -1 -1 -1 -1 
50 2 559 304 74 90 -1 -1 -1 -1 
50 15 495 127 73 88 -1 -1 -1 -1 
51 1 462 236 97 167 -1 -1 -1 -1 
51 2 565 307 67 91 -1 -1 -1 -1 
51 15 496 129 71 86 -1 -1 -1 -1 
51 17 566 108 48 113 -1 -1 -1 -1 
52 1 462 237 97 166 -1 -1 -1 -1 
52 2 564 306 68 93 -1 -1 -1 -1 
52 15 496 126 71 88 -1 -1 -1 -1 
52 17 562 111 52 112 -1 -1 -1 -1 
53 1 460 236 99 166 -1 -1 -1 -1 
53 2 561 306 70 97 -1 -1 -1 -1 
53 15 495 124 70 91 -1 -1 -1 -1 
53 17 563 111 52 101 -1 -1 -1 -1 
54 1 460 235 100 168 -1 -1 -1 -1 
54 2 560 305 72 103 -1 -1 -1 -1 
54 15 495 123 67 94 -1 -1 -1 -1 
54 17 562 110 63 108 -1 -1 -1 -1 
55 1 462 236 98 167 -1 -1 -1 -1 
55 2 560 305 73 100 -1 -1 -1 -1 
55 15 495 125 65 91 -1 -1 -1 -1 
55 17 565 110 64 113 -1 -1 -1 -1 
56 1 460 235 100 169 -1 -1 -1 -1 
56 2 558 305 76 100 -1 -1 -1 -1 
56 15 494 122 63 93 -1 -1 -1 -1 
56 17 572 113 67 106 -1 -1 -1 -1 
57 1 461 236 99 166 -1 -1 -1 -1 
57 2 558 304 75 97 -1 -1 -1 -1 
57 15 493 121 67 96 -1 -1 -1 -1 
57 17 579 119 60 116 -1 -1 -1 -1 
58 1 460 236 101 168 -1 -1 -1 -1 
58 2 559 304 77 100 -1 -1 -1 -1 
58 15 494 122 90 95 -1 -1 -1 -1 
58 17 585 124 54 104 -1 -1 -1 -1 
59 1 465 236 95 171 -1 -1 -1 -1 
59 2 559 304 76 95 -1 -1 -1 -1 
59 15 494 133 83 84 -1 -1 -1 -1 
59 17 594 127 45 96 -1 -1 -1 -1 
60 1 463 235 98 173 -1 -1 -1 -1 
60 2 560 305 73 93 -1 -1 -1 -1 
60 15 500 133 92 101 -1 -1 -1 -1 
60 17 599 129 40 122 -1 -1 -1 -1 
61 1 462 235 98 175 -1 -1 -1 -1 
61 2 560 305 73 96 -1 -1 -1 -1 
61 15 533 110 73 127 -1 -1 -1 -1 
61 17 598 130 41 121 -1 -1 -1 -1 
62 1 463 234 97 174 -1 -1 -1 -1 
62 2 559 306 74 95 -1 -1 -1 -1 
62 15 534 86 76 180 -1 -1 -1 -1 
62 17 600 130 39 122 -1 -1 -1 -1 
63 1 464 234 96 173 -1 -1 -1 -1 
63 2 560 306 73 96 -1 -1 -1 -1 
63 15 538 87 76 168 -1 -1 -1 -1 
63 17 601 130 38 123 -1 -1 -1 -1 
64 1 464 235 96 172 -1 -1 -1 -1 
64 2 560 306 73 95 -1 -1 -1 -1 
64 15 563 91 57 131 -1 -1 -1 -1 
64 17 599 129 40 122 -1 -1 -1 -1 
65 1 463 234 98 173 -1 -1 -1 -1 
65 2 560 306 73 95 -1 -1 -1 -1 
65 15 575 94 63 131 -1 -1 -1 -1 
65 17 601 133 38 119 -1 -1 -1 -1 
66 1 463 235 97 171 -1 -1 -1 -1 
66 2 561 307 71 92 -1 -1 -1 -1 
66 15 585 98 54 142 -1 -1 -1 -1 
66 17 601 133 38 119 -1 -1 -1 -1 
67 1 462 234 98 172 -1 -1 -1 -1 
67 2 561 307 71 92 -1 -1 -1 -1 
67 15 585 100 54 138 -1 -1 -1 -1 
68 1 455 240 104 166 -1 -1 -1 -1 
68 2 561 307 71 92 -1 -1 -1 -1 
68 15 588 98 51 129 -1 -1 -1 -1 
69 1 460 255 101 152 -1 -1 -1 -1 
69 2 562 306 70 92 -1 -1 -1 -1 
69 15 581 100 58 76 -1 -1 -1 -1 
70 1 463 264 97 143 -1 -1 -1 -1 
70 2 562 306 70 92 -1 -1 -1 -1 
71 1 464 273 97 128 -1 -1 -1 -1 
71 2 562 307 69 90 -1 -1 -1 -1 
71 15 577 100 62 66 -1 -1 -1 -1 
72 1 464 273 96 126 -1 -1 -1 -1 
72 2 561 306 71 93 -1 -1 -1 -1 
73 1 463 277 98 123 -1 -1 -1 -1 
73 2 560 307 72 92 -1 -1 -1 -1 
73 23 560 108 50 120 -1 -1 -1 -1 
74 1 464 278 98 122 -1 -1 -1 -1 
74 2 562 306 70 93 -1 -1 -1 -1 
74 23 560 108 54 115 -1 -1 -1 -1 
74 24 609 133 30 105 -1 -1 -1 -1 
74 26 494 163 42 49 -1 -1 -1 -1 
75 1 464 273 97 126 -1 -1 -1 -1 
75 2 562 306 70 93 -1 -1 -1 -1 
75 23 561 108 53 118 -1 -1 -1 -1 
75 24 609 133 30 105 -1 -1 -1 -1 
75 26 494 163 41 49 -1 -1 -1 -1 
76 1 465 274 96 126 -1 -1 -1 -1 
76 2 562 306 71 94 -1 -1 -1 -1 
76 23 562 107 64 122 -1 -1 -1 -1 
76 26 494 163 41 49 -1 -1 -1 -1 
77 1 465 275 97 124 -1 -1 -1 -1 
77 2 562 305 72 96 -1 -1 -1 -1 
77 23 561 109 68 105 -1 -1 -1 -1 
77 26 495 163 41 49 -1 -1 -1 -1 
78 1 466 274 95 120 -1 -1 -1 -1 
78 2 560 305 78 99 -1 -1 -1 -1 
78 23 556 114 83 105 -1 -1 -1 -1 
78 26 494 163 43 50 -1 -1 -1 -1 
79 1 466 274 96 122 -1 -1 -1 -1 
79 2 561 305 77 99 -1 -1 -1 -1 
79 23 554 120 84 104 -1 -1 -1 -1 
79 26 493 164 47 49 -1 -1 -1 -1 
80 1 466 272 95 124 -1 -1 -1 -1 
80 2 561 306 74 93 -1 -1 -1 -1 
80 23 560 118 79 87 -1 -1 -1 -1 
80 26 493 164 47 49 -1 -1 -1 -1 
