3 1 567 112 72 366 -1 -1 -1 -1 
3 2 0 337 25 122 -1 -1 -1 -1 
4 1 567 110 72 369 -1 -1 -1 -1 
4 2 0 337 25 122 -1 -1 -1 -1 
5 1 573 105 66 373 -1 -1 -1 -1 
5 2 0 337 25 121 -1 -1 -1 -1 
6 1 582 112 57 367 -1 -1 -1 -1 
6 2 0 337 26 122 -1 -1 -1 -1 
7 1 586 97 53 382 -1 -1 -1 -1 
7 2 0 337 25 122 -1 -1 -1 -1 
8 1 583 106 56 372 -1 -1 -1 -1 
8 2 0 338 25 121 -1 -1 -1 -1 
9 1 576 109 63 369 -1 -1 -1 -1 
9 2 0 337 25 121 -1 -1 -1 -1 
9 4 552 414 46 65 -1 -1 -1 -1 
10 1 567 109 72 369 -1 -1 -1 -1 
10 2 0 338 25 120 -1 -1 -1 -1 
11 1 568 109 71 370 -1 -1 -1 -1 
11 2 0 338 25 120 -1 -1 -1 -1 
11 4 551 414 46 65 -1 -1 -1 -1 
12 1 579 96 60 382 -1 -1 -1 -1 
12 2 0 338 25 120 -1 -1 -1 -1 
12 4 551 423 48 56 -1 -1 -1 -1 
13 1 578 99 61 380 -1 -1 -1 -1 
13 2 0 339 26 119 -1 -1 -1 -1 
13 4 552 420 47 59 -1 -1 -1 -1 
14 1 566 104 73 373 -1 -1 -1 -1 
14 2 0 338 26 121 -1 -1 -1 -1 
15 1 551 107 88 372 -1 -1 -1 -1 
15 2 0 338 26 120 -1 -1 -1 -1 
16 1 561 110 78 369 -1 -1 -1 -1 
16 2 0 338 26 121 -1 -1 -1 -1 
17 1 573 100 66 378 -1 -1 -1 -1 
17 2 0 339 25 119 -1 -1 -1 -1 
18 1 569 102 70 377 -1 -1 -1 -1 
18 2 0 339 25 119 -1 -1 -1 -1 
19 1 568 112 71 339 -1 -1 -1 -1 
19 2 0 339 25 120 -1 -1 -1 -1 
20 1 513 108 126 369 -1 -1 -1 -1 
20 2 0 339 25 120 -1 -1 -1 -1 
21 1 490 106 149 370 -1 -1 -1 -1 
21 2 0 339 25 120 -1 -1 -1 -1 
22 1 496 108 143 368 -1 -1 -1 -1 
22 2 0 339 25 120 -1 -1 -1 -1 
23 1 505 106 134 369 -1 -1 -1 -1 
23 2 0 339 25 120 -1 -1 -1 -1 
24 1 505 104 134 371 -1 -1 -1 -1 
24 2 0 339 25 119 -1 -1 -1 -1 
25 1 504 104 135 370 -1 -1 -1 -1 
25 2 0 338 25 120 -1 -1 -1 -1 
26 1 500 101 139 374 -1 -1 -1 -1 
26 2 0 338 25 120 -1 -1 -1 -1 
27 1 503 98 136 377 -1 -1 -1 -1 
27 2 0 338 25 120 -1 -1 -1 -1 
28 1 503 99 136 374 -1 -1 -1 -1 
28 2 0 338 25 120 -1 -1 -1 -1 
29 1 498 100 141 373 -1 -1 -1 -1 
29 2 0 338 26 121 -1 -1 -1 -1 
30 1 489 106 150 367 -1 -1 -1 -1 
30 2 0 338 26 121 -1 -1 -1 -1 
31 1 492 106 147 367 -1 -1 -1 -1 
31 2 0 339 25 120 -1 -1 -1 -1 
32 1 501 102 138 370 -1 -1 -1 -1 
32 2 0 339 25 120 -1 -1 -1 -1 
33 1 521 105 118 357 -1 -1 -1 -1 
33 2 0 338 25 121 -1 -1 -1 -1 
34 1 523 103 116 365 -1 -1 -1 -1 
34 2 0 337 25 122 -1 -1 -1 -1 
35 1 520 109 119 357 -1 -1 -1 -1 
35 2 0 338 25 121 -1 -1 -1 -1 
36 1 526 111 113 347 -1 -1 -1 -1 
36 2 0 338 25 121 -1 -1 -1 -1 
37 1 532 109 107 369 -1 -1 -1 -1 
37 2 0 338 25 121 -1 -1 -1 -1 
38 1 521 102 92 373 -1 -1 -1 -1 
38 2 0 338 26 120 -1 -1 -1 -1 
39 1 491 100 106 377 -1 -1 -1 -1 
39 2 0 338 26 120 -1 -1 -1 -1 
40 1 473 99 105 379 -1 -1 -1 -1 
40 2 0 339 25 119 -1 -1 -1 -1 
41 1 423 95 123 384 -1 -1 -1 -1 
41 2 0 338 25 121 -1 -1 -1 -1 
42 1 423 95 123 384 -1 -1 -1 -1 
42 2 0 339 25 119 -1 -1 -1 -1 
43 2 0 338 25 121 -1 -1 -1 -1 
44 2 0 338 25 121 -1 -1 -1 -1 
44 13 277 96 134 380 -1 -1 -1 -1 
45 2 0 338 25 121 -1 -1 -1 -1 
45 13 251 93 134 386 -1 -1 -1 -1 
46 2 0 340 25 118 -1 -1 -1 -1 
46 13 209 98 160 381 -1 -1 -1 -1 
47 2 0 341 25 117 -1 -1 -1 -1 
47 13 192 99 164 379 -1 -1 -1 -1 
47 20 260 155 108 50 -1 -1 -1 -1 
47 21 288 158 44 43 -1 -1 -1 -1 
48 2 0 340 25 118 -1 -1 -1 -1 
48 13 204 99 158 380 -1 -1 -1 -1 
48 20 272 153 107 52 -1 -1 -1 -1 
48 21 291 158 53 46 -1 -1 -1 -1 
49 2 0 339 26 119 -1 -1 -1 -1 
49 13 239 96 168 383 -1 -1 -1 -1 
49 20 302 151 120 56 -1 -1 -1 -1 
49 21 291 158 53 46 -1 -1 -1 -1 
50 2 0 338 25 121 -1 -1 -1 -1 
50 13 269 97 160 380 -1 -1 -1 -1 
50 20 301 151 140 55 -1 -1 -1 -1 
51 2 0 338 26 121 -1 -1 -1 -1 
51 13 289 97 169 377 -1 -1 -1 -1 
51 20 362 159 110 69 -1 -1 -1 -1 
52 2 0 338 26 121 -1 -1 -1 -1 
52 13 320 89 170 387 -1 -1 -1 -1 
52 20 393 157 111 64 -1 -1 -1 -1 
53 2 0 337 26 122 -1 -1 -1 -1 
53 13 357 88 177 387 -1 -1 -1 -1 
53 20 401 167 135 90 -1 -1 -1 -1 
54 2 0 337 25 122 -1 -1 -1 -1 
54 13 374 91 150 387 -1 -1 -1 -1 
54 20 401 167 135 90 -1 -1 -1 -1 
55 2 0 337 25 122 -1 -1 -1 -1 
55 13 384 100 146 378 -1 -1 -1 -1 
56 2 0 338 25 120 -1 -1 -1 -1 
56 13 388 104 137 374 -1 -1 -1 -1 
56 24 473 217 50 123 -1 -1 -1 -1 
56 25 476 216 47 122 -1 -1 -1 -1 
57 2 0 338 25 120 -1 -1 -1 -1 
57 13 388 105 135 373 -1 -1 -1 -1 
57 24 473 216 48 126 -1 -1 -1 -1 
57 25 475 218 46 123 -1 -1 -1 -1 
58 2 0 338 25 120 -1 -1 -1 -1 
58 13 387 105 136 373 -1 -1 -1 -1 
58 24 472 217 49 125 -1 -1 -1 -1 
58 25 474 219 47 122 -1 -1 -1 -1 
59 2 0 338 25 120 -1 -1 -1 -1 
59 13 388 105 135 373 -1 -1 -1 -1 
59 24 472 217 49 126 -1 -1 -1 -1 
59 25 474 219 47 122 -1 -1 -1 -1 
60 2 0 337 26 122 -1 -1 -1 -1 
60 13 388 105 134 372 -1 -1 -1 -1 
60 24 472 217 49 125 -1 -1 -1 -1 
60 25 473 218 48 123 -1 -1 -1 -1 
61 2 0 338 26 121 -1 -1 -1 -1 
61 13 389 106 134 372 -1 -1 -1 -1 
61 24 473 217 48 125 -1 -1 -1 -1 
61 25 475 220 47 121 -1 -1 -1 -1 
62 2 0 338 26 121 -1 -1 -1 -1 
62 13 390 105 134 372 -1 -1 -1 -1 
62 24 477 217 46 125 -1 -1 -1 -1 
62 25 477 217 46 124 -1 -1 -1 -1 
63 2 0 338 25 120 -1 -1 -1 -1 
63 13 417 106 102 225 -1 -1 -1 -1 
64 2 0 338 25 120 -1 -1 -1 -1 
64 13 427 105 103 368 -1 -1 -1 -1 
65 2 0 338 26 120 -1 -1 -1 -1 
65 13 460 102 101 359 -1 -1 -1 -1 
66 2 0 338 25 120 -1 -1 -1 -1 
66 13 487 101 88 364 -1 -1 -1 -1 
67 2 0 338 25 121 -1 -1 -1 -1 
67 13 491 104 94 372 -1 -1 -1 -1 
68 2 0 337 25 122 -1 -1 -1 -1 
68 13 492 107 98 371 -1 -1 -1 -1 
69 2 0 338 25 121 -1 -1 -1 -1 
69 13 493 106 97 369 -1 -1 -1 -1 
70 2 0 338 25 120 -1 -1 -1 -1 
70 13 506 107 85 370 -1 -1 -1 -1 
71 2 0 339 25 119 -1 -1 -1 -1 
71 13 509 105 108 373 -1 -1 -1 -1 
72 2 0 337 26 122 -1 -1 -1 -1 
72 13 480 99 126 378 -1 -1 -1 -1 
73 2 0 337 26 122 -1 -1 -1 -1 
73 13 502 102 126 376 -1 -1 -1 -1 
74 2 0 337 26 122 -1 -1 -1 -1 
74 13 536 109 103 367 -1 -1 -1 -1 
75 2 0 337 26 122 -1 -1 -1 -1 
75 13 533 110 106 367 -1 -1 -1 -1 
76 2 0 338 26 121 -1 -1 -1 -1 
76 13 539 105 100 373 -1 -1 -1 -1 
77 2 0 337 26 122 -1 -1 -1 -1 
77 13 539 109 100 370 -1 -1 -1 -1 
78 2 0 338 26 121 -1 -1 -1 -1 
78 13 524 108 115 369 -1 -1 -1 -1 
79 2 0 337 26 122 -1 -1 -1 -1 
79 13 503 110 106 369 -1 -1 -1 -1 
80 2 0 338 26 121 -1 -1 -1 -1 
80 13 498 110 98 365 -1 -1 -1 -1 
81 2 0 338 26 121 -1 -1 -1 -1 
81 13 493 106 118 371 -1 -1 -1 -1 
82 2 0 337 26 122 -1 -1 -1 -1 
82 13 499 108 112 371 -1 -1 -1 -1 
83 2 0 338 25 120 -1 -1 -1 -1 
83 13 495 107 132 370 -1 -1 -1 -1 
84 2 0 337 25 121 -1 -1 -1 -1 
84 13 495 103 120 375 -1 -1 -1 -1 
85 2 0 338 25 120 -1 -1 -1 -1 
85 13 472 102 125 374 -1 -1 -1 -1 
86 2 0 338 25 121 -1 -1 -1 -1 
86 13 455 107 111 371 -1 -1 -1 -1 
87 2 0 337 25 122 -1 -1 -1 -1 
87 13 455 107 105 370 -1 -1 -1 -1 
88 2 0 337 26 122 -1 -1 -1 -1 
88 13 473 110 112 369 -1 -1 -1 -1 
89 2 0 339 26 120 -1 -1 -1 -1 
89 13 520 110 93 367 -1 -1 -1 -1 
90 2 0 339 26 120 -1 -1 -1 -1 
90 13 543 107 85 368 -1 -1 -1 -1 
91 2 0 338 26 121 -1 -1 -1 -1 
91 13 542 106 90 372 -1 -1 -1 -1 
92 2 0 338 25 121 -1 -1 -1 -1 
92 13 539 111 89 355 -1 -1 -1 -1 
93 2 0 338 25 120 -1 -1 -1 -1 
93 13 545 112 94 366 -1 -1 -1 -1 
94 2 0 338 25 120 -1 -1 -1 -1 
94 13 558 112 81 363 -1 -1 -1 -1 
95 2 0 338 25 120 -1 -1 -1 -1 
95 13 527 117 112 356 -1 -1 -1 -1 
96 2 0 338 25 121 -1 -1 -1 -1 
96 13 522 106 78 369 -1 -1 -1 -1 
97 2 0 338 25 121 -1 -1 -1 -1 
97 13 471 104 112 372 -1 -1 -1 -1 
98 2 0 338 25 121 -1 -1 -1 -1 
98 13 466 103 97 373 -1 -1 -1 -1 
99 2 0 337 26 122 -1 -1 -1 -1 
99 13 456 105 97 373 -1 -1 -1 -1 
100 2 0 337 26 122 -1 -1 -1 -1 
100 13 435 103 99 371 -1 -1 -1 -1 
101 2 0 337 25 122 -1 -1 -1 -1 
101 13 445 102 99 372 -1 -1 -1 -1 
102 2 0 337 25 122 -1 -1 -1 -1 
102 13 469 106 100 369 -1 -1 -1 -1 
103 2 0 337 25 122 -1 -1 -1 -1 
103 13 486 106 121 373 -1 -1 -1 -1 
104 2 0 337 25 122 -1 -1 -1 -1 
104 13 528 105 111 371 -1 -1 -1 -1 
105 2 0 337 25 122 -1 -1 -1 -1 
105 13 573 112 66 343 -1 -1 -1 -1 
106 2 0 338 25 121 -1 -1 -1 -1 
106 13 579 116 60 359 -1 -1 -1 -1 
107 2 0 337 25 122 -1 -1 -1 -1 
108 2 0 337 26 122 -1 -1 -1 -1 
109 2 0 338 26 121 -1 -1 -1 -1 
110 2 0 338 26 121 -1 -1 -1 -1 
111 2 0 337 26 122 -1 -1 -1 -1 
112 2 0 337 26 122 -1 -1 -1 -1 
113 2 0 336 26 123 -1 -1 -1 -1 
114 2 0 337 26 122 -1 -1 -1 -1 
115 2 0 337 26 122 -1 -1 -1 -1 
116 2 0 336 26 123 -1 -1 -1 -1 
116 43 586 109 53 312 -1 -1 -1 -1 
117 2 0 337 25 122 -1 -1 -1 -1 
117 43 590 125 49 287 -1 -1 -1 -1 
118 2 0 338 25 120 -1 -1 -1 -1 
118 43 593 124 46 295 -1 -1 -1 -1 
119 2 0 337 26 122 -1 -1 -1 -1 
119 43 595 122 44 296 -1 -1 -1 -1 
120 2 0 337 26 122 -1 -1 -1 -1 
120 43 586 124 53 300 -1 -1 -1 -1 
121 2 0 337 25 121 -1 -1 -1 -1 
121 43 582 113 57 308 -1 -1 -1 -1 
122 2 0 338 26 120 -1 -1 -1 -1 
122 43 591 112 48 305 -1 -1 -1 -1 
123 2 0 338 25 121 -1 -1 -1 -1 
123 43 591 112 48 312 -1 -1 -1 -1 
124 2 0 338 25 121 -1 -1 -1 -1 
124 43 593 113 46 308 -1 -1 -1 -1 
125 2 0 337 25 121 -1 -1 -1 -1 
125 43 593 112 46 310 -1 -1 -1 -1 
126 2 0 338 25 120 -1 -1 -1 -1 
126 43 592 112 47 307 -1 -1 -1 -1 
127 2 0 338 25 120 -1 -1 -1 -1 
127 43 591 114 48 304 -1 -1 -1 -1 
128 2 0 338 25 120 -1 -1 -1 -1 
128 43 591 114 48 304 -1 -1 -1 -1 
129 2 0 337 25 122 -1 -1 -1 -1 
129 43 591 114 48 307 -1 -1 -1 -1 
130 2 0 337 26 122 -1 -1 -1 -1 
130 43 592 113 47 309 -1 -1 -1 -1 
131 2 0 338 25 120 -1 -1 -1 -1 
131 43 591 113 48 305 -1 -1 -1 -1 
132 2 0 338 25 120 -1 -1 -1 -1 
132 43 592 114 47 305 -1 -1 -1 -1 
133 2 0 338 25 120 -1 -1 -1 -1 
133 43 590 114 49 307 -1 -1 -1 -1 
134 2 0 337 25 121 -1 -1 -1 -1 
134 43 591 114 48 306 -1 -1 -1 -1 
135 2 0 337 26 122 -1 -1 -1 -1 
135 43 591 113 48 309 -1 -1 -1 -1 
