30 5 260 46 95 398 -1 -1 -1 -1 
31 5 212 51 103 379 -1 -1 -1 -1 
32 5 216 55 95 356 -1 -1 -1 -1 
33 5 186 64 102 320 -1 -1 -1 -1 
34 5 155 64 95 311 -1 -1 -1 -1 
35 5 173 66 73 293 -1 -1 -1 -1 
36 5 155 66 86 277 -1 -1 -1 -1 
37 5 157 66 98 270 -1 -1 -1 -1 
38 5 190 63 71 270 -1 -1 -1 -1 
39 5 184 66 78 283 -1 -1 -1 -1 
40 5 186 64 90 288 -1 -1 -1 -1 
41 5 198 60 88 304 -1 -1 -1 -1 
41 12 157 159 39 40 -1 -1 -1 -1 
42 5 199 57 88 312 -1 -1 -1 -1 
42 12 158 156 44 48 -1 -1 -1 -1 
43 5 194 57 91 312 -1 -1 -1 -1 
43 12 159 157 43 42 -1 -1 -1 -1 
44 5 196 57 88 312 -1 -1 -1 -1 
45 5 196 57 88 312 -1 -1 -1 -1 
46 5 196 57 88 312 -1 -1 -1 -1 
47 5 197 58 87 311 -1 -1 -1 -1 
48 5 196 57 88 312 -1 -1 -1 -1 
49 5 197 57 87 312 -1 -1 -1 -1 
50 5 196 57 88 312 -1 -1 -1 -1 
51 5 196 57 88 312 -1 -1 -1 -1 
52 5 196 57 88 312 -1 -1 -1 -1 
53 5 196 57 88 312 -1 -1 -1 -1 
53 16 153 152 50 34 -1 -1 -1 -1 
54 5 196 57 88 312 -1 -1 -1 -1 
54 16 153 152 51 35 -1 -1 -1 -1 
55 5 197 57 87 312 -1 -1 -1 -1 
55 16 154 152 52 38 -1 -1 -1 -1 
56 5 197 57 87 312 -1 -1 -1 -1 
56 16 153 152 53 36 -1 -1 -1 -1 
57 5 196 57 88 312 -1 -1 -1 -1 
57 16 152 152 54 37 -1 -1 -1 -1 
58 5 196 57 88 312 -1 -1 -1 -1 
58 16 152 152 53 36 -1 -1 -1 -1 
59 5 196 57 88 312 -1 -1 -1 -1 
59 16 152 152 53 36 -1 -1 -1 -1 
60 5 197 57 124 311 -1 -1 -1 -1 
60 16 152 152 53 36 -1 -1 -1 -1 
61 5 197 57 102 312 -1 -1 -1 -1 
61 16 152 151 53 37 -1 -1 -1 -1 
62 5 196 58 89 311 -1 -1 -1 -1 
62 16 153 151 54 39 -1 -1 -1 -1 
63 5 200 59 88 311 -1 -1 -1 -1 
64 5 200 59 88 311 -1 -1 -1 -1 
69 21 535 76 104 398 -1 -1 -1 -1 
70 21 551 65 88 414 -1 -1 -1 -1 
91 23 258 37 94 438 -1 -1 -1 -1 
92 23 201 43 105 436 -1 -1 -1 -1 
93 23 189 52 106 418 -1 -1 -1 -1 
94 23 165 57 113 391 -1 -1 -1 -1 
95 23 165 57 113 391 -1 -1 -1 -1 
97 26 214 51 99 377 -1 -1 -1 -1 
98 26 209 50 103 378 -1 -1 -1 -1 
99 26 208 50 102 377 -1 -1 -1 -1 
100 26 207 50 104 377 -1 -1 -1 -1 
100 29 160 154 49 63 -1 -1 -1 -1 
101 26 205 48 106 379 -1 -1 -1 -1 
101 29 159 154 50 61 -1 -1 -1 -1 
102 26 206 48 105 378 -1 -1 -1 -1 
102 29 160 155 49 60 -1 -1 -1 -1 
103 26 206 50 104 377 -1 -1 -1 -1 
103 29 160 155 49 61 -1 -1 -1 -1 
104 26 206 50 103 376 -1 -1 -1 -1 
104 29 160 155 48 60 -1 -1 -1 -1 
105 26 205 50 104 376 -1 -1 -1 -1 
106 26 203 49 102 378 -1 -1 -1 -1 
107 26 202 49 104 378 -1 -1 -1 -1 
107 29 159 156 45 52 -1 -1 -1 -1 
108 26 203 49 104 377 -1 -1 -1 -1 
109 26 203 49 104 377 -1 -1 -1 -1 
110 26 203 49 103 377 -1 -1 -1 -1 
111 26 196 52 108 378 -1 -1 -1 -1 
112 26 188 54 118 375 -1 -1 -1 -1 
113 26 195 57 88 370 -1 -1 -1 -1 
114 26 194 58 84 328 -1 -1 -1 -1 
114 30 161 152 35 41 -1 -1 -1 -1 
115 26 166 63 99 315 -1 -1 -1 -1 
116 26 196 59 82 315 -1 -1 -1 -1 
117 26 228 59 92 297 -1 -1 -1 -1 
118 26 257 55 65 300 -1 -1 -1 -1 
119 26 257 55 65 300 -1 -1 -1 -1 
121 31 331 49 59 326 -1 -1 -1 -1 
122 31 327 49 92 340 -1 -1 -1 -1 
123 31 344 48 95 352 -1 -1 -1 -1 
124 26 313 43 103 396 -1 -1 -1 -1 
125 26 282 44 112 420 -1 -1 -1 -1 
126 26 282 44 112 420 -1 -1 -1 -1 
128 33 107 72 132 381 -1 -1 -1 -1 
129 33 63 85 96 362 -1 -1 -1 -1 
130 33 59 85 83 311 -1 -1 -1 -1 
130 34 0 236 55 241 -1 -1 -1 -1 
131 33 59 85 83 311 -1 -1 -1 -1 
131 34 0 227 56 250 -1 -1 -1 -1 
132 34 0 222 55 256 -1 -1 -1 -1 
133 34 0 222 55 256 -1 -1 -1 -1 
136 31 326 48 78 357 -1 -1 -1 -1 
137 31 347 45 109 385 -1 -1 -1 -1 
138 31 280 43 119 389 -1 -1 -1 -1 
139 31 266 48 107 396 -1 -1 -1 -1 
140 31 213 59 143 384 -1 -1 -1 -1 
141 31 266 49 76 397 -1 -1 -1 -1 
142 31 236 75 106 370 -1 -1 -1 -1 
143 31 265 90 97 356 -1 -1 -1 -1 
144 31 244 84 99 361 -1 -1 -1 -1 
145 31 269 59 99 386 -1 -1 -1 -1 
146 31 232 58 157 387 -1 -1 -1 -1 
147 31 211 56 142 388 -1 -1 -1 -1 
148 31 270 75 88 371 -1 -1 -1 -1 
149 31 242 66 98 379 -1 -1 -1 -1 
150 31 217 57 139 387 -1 -1 -1 -1 
151 31 262 71 95 370 -1 -1 -1 -1 
152 31 231 66 123 379 -1 -1 -1 -1 
153 31 231 58 124 388 -1 -1 -1 -1 
154 31 260 64 110 382 -1 -1 -1 -1 
155 31 231 64 109 380 -1 -1 -1 -1 
156 31 235 55 170 390 -1 -1 -1 -1 
157 31 275 60 78 385 -1 -1 -1 -1 
158 31 231 53 182 393 -1 -1 -1 -1 
159 31 227 51 156 396 -1 -1 -1 -1 
159 46 490 80 114 396 -1 -1 -1 -1 
160 31 315 50 77 385 -1 -1 -1 -1 
160 46 482 79 109 386 -1 -1 -1 -1 
161 31 315 50 77 385 -1 -1 -1 -1 
161 46 483 84 86 366 -1 -1 -1 -1 
162 46 483 84 86 366 -1 -1 -1 -1 
163 50 445 65 108 397 -1 -1 -1 -1 
164 50 445 65 108 397 -1 -1 -1 -1 
164 51 515 59 110 414 -1 -1 -1 -1 
165 51 533 67 101 408 -1 -1 -1 -1 
166 51 556 77 83 401 -1 -1 -1 -1 
167 51 559 78 80 395 -1 -1 -1 -1 
168 51 559 77 80 399 -1 -1 -1 -1 
168 53 539 87 71 293 -1 -1 -1 -1 
169 51 564 65 75 411 -1 -1 -1 -1 
169 53 537 86 76 297 -1 -1 -1 -1 
170 51 560 76 79 400 -1 -1 -1 -1 
170 53 535 87 74 298 -1 -1 -1 -1 
171 51 559 86 80 392 -1 -1 -1 -1 
171 53 540 89 68 297 -1 -1 -1 -1 
172 51 559 86 80 392 -1 -1 -1 -1 
173 53 542 96 91 304 -1 -1 -1 -1 
174 53 554 109 80 306 -1 -1 -1 -1 
175 53 554 109 80 306 -1 -1 -1 -1 
176 54 592 111 47 366 -1 -1 -1 -1 
182 55 545 104 89 292 -1 -1 -1 -1 
183 55 540 97 98 355 -1 -1 -1 -1 
184 55 538 101 101 357 -1 -1 -1 -1 
185 55 550 99 89 378 -1 -1 -1 -1 
186 55 549 99 90 377 -1 -1 -1 -1 
187 55 535 99 104 372 -1 -1 -1 -1 
188 55 525 91 105 376 -1 -1 -1 -1 
189 55 518 88 91 387 -1 -1 -1 -1 
190 55 520 99 119 377 -1 -1 -1 -1 
190 58 596 149 43 330 -1 -1 -1 -1 
191 55 561 110 78 369 -1 -1 -1 -1 
202 60 510 60 64 406 -1 -1 -1 -1 
203 60 510 60 64 406 -1 -1 -1 -1 
207 63 257 49 124 370 -1 -1 -1 -1 
208 63 246 49 128 372 -1 -1 -1 -1 
209 63 261 48 112 372 -1 -1 -1 -1 
210 63 259 48 115 372 -1 -1 -1 -1 
211 63 260 48 114 372 -1 -1 -1 -1 
212 63 260 48 115 372 -1 -1 -1 -1 
213 63 259 48 115 372 -1 -1 -1 -1 
214 63 259 48 116 373 -1 -1 -1 -1 
215 63 260 49 115 371 -1 -1 -1 -1 
216 63 259 48 116 373 -1 -1 -1 -1 
217 63 257 49 124 371 -1 -1 -1 -1 
218 63 255 49 119 371 -1 -1 -1 -1 
219 63 253 49 122 371 -1 -1 -1 -1 
220 63 255 49 119 372 -1 -1 -1 -1 
221 63 255 49 119 372 -1 -1 -1 -1 
222 63 256 49 118 372 -1 -1 -1 -1 
223 63 256 50 119 371 -1 -1 -1 -1 
224 63 257 51 111 370 -1 -1 -1 -1 
225 63 274 47 119 399 -1 -1 -1 -1 
226 63 220 48 133 414 -1 -1 -1 -1 
227 63 184 53 107 424 -1 -1 -1 -1 
228 63 184 53 107 424 -1 -1 -1 -1 
231 67 162 150 49 42 -1 -1 -1 -1 
231 68 128 79 88 266 -1 -1 -1 -1 
232 67 162 150 49 42 -1 -1 -1 -1 
233 68 204 60 102 312 -1 -1 -1 -1 
234 68 230 52 96 346 -1 -1 -1 -1 
235 68 262 45 141 428 -1 -1 -1 -1 
236 68 321 40 121 434 -1 -1 -1 -1 
237 68 400 45 80 427 -1 -1 -1 -1 
238 68 422 50 133 368 -1 -1 -1 -1 
239 68 422 50 133 368 -1 -1 -1 -1 
242 67 161 155 53 58 -1 -1 -1 -1 
243 67 161 155 53 58 -1 -1 -1 -1 
244 67 162 155 51 61 -1 -1 -1 -1 
245 67 162 155 51 61 -1 -1 -1 -1 
246 73 215 64 92 344 -1 -1 -1 -1 
247 73 183 75 133 399 -1 -1 -1 -1 
248 73 210 67 84 403 -1 -1 -1 -1 
249 73 237 65 81 331 -1 -1 -1 -1 
250 73 256 60 79 307 -1 -1 -1 -1 
251 73 264 52 90 333 -1 -1 -1 -1 
252 73 264 52 90 333 -1 -1 -1 -1 
256 81 537 57 102 417 -1 -1 -1 -1 
257 81 503 63 121 406 -1 -1 -1 -1 
258 81 503 63 121 406 -1 -1 -1 -1 
264 87 129 74 83 283 -1 -1 -1 -1 
265 87 154 67 110 290 -1 -1 -1 -1 
266 87 196 65 111 318 -1 -1 -1 -1 
267 67 159 157 47 54 -1 -1 -1 -1 
267 87 197 60 98 352 -1 -1 -1 -1 
268 67 159 157 47 54 -1 -1 -1 -1 
269 87 188 70 99 375 -1 -1 -1 -1 
270 87 224 73 90 280 -1 -1 -1 -1 
271 87 213 71 81 287 -1 -1 -1 -1 
272 87 210 69 102 297 -1 -1 -1 -1 
273 87 198 61 99 304 -1 -1 -1 -1 
274 87 194 64 97 325 -1 -1 -1 -1 
275 87 191 53 115 312 -1 -1 -1 -1 
276 87 229 58 138 328 -1 -1 -1 -1 
277 87 236 61 122 329 -1 -1 -1 -1 
278 87 235 70 91 343 -1 -1 -1 -1 
279 87 225 66 124 349 -1 -1 -1 -1 
280 87 254 60 136 339 -1 -1 -1 -1 
281 87 287 61 86 326 -1 -1 -1 -1 
282 87 240 59 116 364 -1 -1 -1 -1 
283 87 179 80 145 335 -1 -1 -1 -1 
284 87 193 63 156 331 -1 -1 -1 -1 
285 87 159 69 129 323 -1 -1 -1 -1 
286 87 159 69 129 323 -1 -1 -1 -1 
289 95 262 67 82 302 -1 -1 -1 -1 
290 95 221 70 106 331 -1 -1 -1 -1 
291 95 225 64 108 353 -1 -1 -1 -1 
292 95 231 58 129 398 -1 -1 -1 -1 
293 95 251 57 97 373 -1 -1 -1 -1 
294 67 160 155 52 65 -1 -1 -1 -1 
294 95 210 58 121 391 -1 -1 -1 -1 
295 67 160 155 52 65 -1 -1 -1 -1 
296 95 225 70 103 388 -1 -1 -1 -1 
297 67 161 156 56 56 -1 -1 -1 -1 
297 95 215 68 115 381 -1 -1 -1 -1 
298 67 161 156 56 56 -1 -1 -1 -1 
299 95 168 65 107 376 -1 -1 -1 -1 
300 95 130 70 152 329 -1 -1 -1 -1 
301 95 196 62 97 341 -1 -1 -1 -1 
302 95 196 62 97 341 -1 -1 -1 -1 
308 102 559 124 80 355 -1 -1 -1 -1 
396 110 616 240 23 196 -1 -1 -1 -1 
397 110 615 240 24 195 -1 -1 -1 -1 
398 110 616 240 23 196 -1 -1 -1 -1 
399 110 616 240 23 195 -1 -1 -1 -1 
400 110 616 240 23 196 -1 -1 -1 -1 
401 110 616 241 23 194 -1 -1 -1 -1 
402 110 616 241 23 195 -1 -1 -1 -1 
403 110 616 240 23 196 -1 -1 -1 -1 
404 110 615 240 24 196 -1 -1 -1 -1 
405 110 616 240 23 197 -1 -1 -1 -1 
407 110 616 240 23 196 -1 -1 -1 -1 
408 110 616 240 23 196 -1 -1 -1 -1 
416 110 616 240 23 196 -1 -1 -1 -1 
420 111 524 69 94 403 -1 -1 -1 -1 
421 111 524 69 94 403 -1 -1 -1 -1 
428 120 0 226 54 252 -1 -1 -1 -1 
428 121 102 80 72 263 -1 -1 -1 -1 
429 120 0 226 54 252 -1 -1 -1 -1 
430 121 174 65 91 296 -1 -1 -1 -1 
431 121 218 55 87 317 -1 -1 -1 -1 
432 121 218 55 87 317 -1 -1 -1 -1 
437 126 504 72 108 289 -1 -1 -1 -1 
438 126 509 77 105 372 -1 -1 -1 -1 
439 126 477 62 100 289 -1 -1 -1 -1 
440 126 477 62 100 289 -1 -1 -1 -1 
445 120 0 214 57 263 -1 -1 -1 -1 
446 120 0 232 53 246 -1 -1 -1 -1 
447 120 0 227 55 250 -1 -1 -1 -1 
448 120 0 237 56 241 -1 -1 -1 -1 
448 137 82 71 106 371 -1 -1 -1 -1 
449 120 0 237 56 241 -1 -1 -1 -1 
450 137 140 55 101 421 -1 -1 -1 -1 
453 140 368 52 101 323 -1 -1 -1 -1 
454 140 332 55 94 289 -1 -1 -1 -1 
455 140 332 55 94 289 -1 -1 -1 -1 
458 142 157 61 112 350 -1 -1 -1 -1 
459 142 180 58 126 400 -1 -1 -1 -1 
460 142 218 49 124 412 -1 -1 -1 -1 
461 142 278 47 111 412 -1 -1 -1 -1 
462 142 333 45 118 405 -1 -1 -1 -1 
463 142 381 46 79 399 -1 -1 -1 -1 
464 142 360 49 111 352 -1 -1 -1 -1 
465 142 360 49 111 352 -1 -1 -1 -1 
467 145 214 53 112 389 -1 -1 -1 -1 
468 145 197 53 132 390 -1 -1 -1 -1 
469 145 173 54 135 391 -1 -1 -1 -1 
470 145 177 54 129 390 -1 -1 -1 -1 
471 145 178 54 128 390 -1 -1 -1 -1 
472 145 177 55 130 389 -1 -1 -1 -1 
472 147 158 151 28 31 -1 -1 -1 -1 
473 145 177 55 129 389 -1 -1 -1 -1 
473 147 158 151 28 31 -1 -1 -1 -1 
474 145 176 55 130 390 -1 -1 -1 -1 
474 148 191 159 15 66 -1 -1 -1 -1 
475 145 178 55 128 390 -1 -1 -1 -1 
475 147 158 151 28 31 -1 -1 -1 -1 
476 145 177 55 129 390 -1 -1 -1 -1 
477 145 178 55 128 389 -1 -1 -1 -1 
478 145 176 55 130 390 -1 -1 -1 -1 
479 145 176 55 130 390 -1 -1 -1 -1 
480 145 177 55 129 390 -1 -1 -1 -1 
481 145 179 55 127 390 -1 -1 -1 -1 
482 145 179 55 127 390 -1 -1 -1 -1 
483 145 178 55 128 390 -1 -1 -1 -1 
484 145 179 55 127 390 -1 -1 -1 -1 
485 145 181 55 125 390 -1 -1 -1 -1 
486 145 182 55 124 390 -1 -1 -1 -1 
487 145 184 55 122 390 -1 -1 -1 -1 
488 145 190 55 107 390 -1 -1 -1 -1 
489 145 186 56 112 390 -1 -1 -1 -1 
490 145 190 54 108 391 -1 -1 -1 -1 
491 145 188 65 110 362 -1 -1 -1 -1 
492 145 194 63 88 332 -1 -1 -1 -1 
493 145 231 60 89 305 -1 -1 -1 -1 
494 145 231 60 89 305 -1 -1 -1 -1 
500 156 589 116 50 361 -1 -1 -1 -1 
564 158 616 239 23 197 -1 -1 -1 -1 
579 158 616 239 23 199 -1 -1 -1 -1 
581 158 616 240 23 196 -1 -1 -1 -1 
585 158 616 239 23 197 -1 -1 -1 -1 
586 158 616 239 23 198 -1 -1 -1 -1 
604 158 616 239 23 197 -1 -1 -1 -1 
605 158 616 238 23 199 -1 -1 -1 -1 
606 158 613 238 26 197 -1 -1 -1 -1 
637 159 535 92 89 343 -1 -1 -1 -1 
638 159 534 90 80 323 -1 -1 -1 -1 
639 159 538 95 83 351 -1 -1 -1 -1 
640 159 536 99 97 354 -1 -1 -1 -1 
641 159 579 95 60 383 -1 -1 -1 -1 
669 171 284 88 106 346 -1 -1 -1 -1 
670 171 298 85 133 356 -1 -1 -1 -1 
671 171 298 85 133 356 -1 -1 -1 -1 
675 174 537 98 83 380 -1 -1 -1 -1 
676 174 537 98 83 380 -1 -1 -1 -1 
678 177 513 93 89 335 -1 -1 -1 -1 
679 177 513 93 89 335 -1 -1 -1 -1 
688 186 45 107 109 366 -1 -1 -1 -1 
689 186 45 107 109 366 -1 -1 -1 -1 
694 192 400 69 85 408 -1 -1 -1 -1 
695 192 413 78 129 396 -1 -1 -1 -1 
696 192 496 82 78 391 -1 -1 -1 -1 
697 192 519 84 82 392 -1 -1 -1 -1 
698 192 523 84 82 395 -1 -1 -1 -1 
699 192 522 87 90 392 -1 -1 -1 -1 
700 192 539 87 72 387 -1 -1 -1 -1 
701 192 539 87 72 387 -1 -1 -1 -1 
708 199 177 77 137 399 -1 -1 -1 -1 
709 199 177 77 137 399 -1 -1 -1 -1 
711 200 382 83 115 390 -1 -1 -1 -1 
712 200 441 86 90 343 -1 -1 -1 -1 
713 200 441 86 90 343 -1 -1 -1 -1 
715 201 547 108 92 341 -1 -1 -1 -1 
716 201 568 102 71 341 -1 -1 -1 -1 
717 201 568 104 71 340 -1 -1 -1 -1 
718 201 566 101 73 344 -1 -1 -1 -1 
719 201 567 100 72 344 -1 -1 -1 -1 
720 201 567 101 72 345 -1 -1 -1 -1 
721 201 567 95 72 350 -1 -1 -1 -1 
722 201 566 101 73 345 -1 -1 -1 -1 
723 201 566 101 73 345 -1 -1 -1 -1 
724 201 567 100 72 346 -1 -1 -1 -1 
725 201 567 103 72 341 -1 -1 -1 -1 
726 201 566 106 73 339 -1 -1 -1 -1 
727 201 564 103 75 347 -1 -1 -1 -1 
728 201 557 103 82 369 -1 -1 -1 -1 
729 201 562 64 77 412 -1 -1 -1 -1 
730 201 572 75 67 401 -1 -1 -1 -1 
731 201 592 122 47 352 -1 -1 -1 -1 
732 201 589 115 50 361 -1 -1 -1 -1 
733 201 593 116 46 360 -1 -1 -1 -1 
734 201 587 108 52 369 -1 -1 -1 -1 
735 201 578 114 61 364 -1 -1 -1 -1 
736 201 577 112 62 365 -1 -1 -1 -1 
737 201 581 111 58 366 -1 -1 -1 -1 
738 201 579 108 60 370 -1 -1 -1 -1 
739 201 564 121 75 356 -1 -1 -1 -1 
740 201 541 106 98 372 -1 -1 -1 -1 
741 201 541 123 98 355 -1 -1 -1 -1 
742 201 539 115 100 361 -1 -1 -1 -1 
743 201 539 103 100 372 -1 -1 -1 -1 
744 201 539 103 100 373 -1 -1 -1 -1 
745 201 542 108 97 370 -1 -1 -1 -1 
746 201 560 111 79 364 -1 -1 -1 -1 
747 201 562 101 77 375 -1 -1 -1 -1 
748 201 578 155 61 322 -1 -1 -1 -1 
749 201 570 106 69 370 -1 -1 -1 -1 
750 201 570 106 69 370 -1 -1 -1 -1 
755 206 81 98 127 268 -1 -1 -1 -1 
756 206 81 98 127 268 -1 -1 -1 -1 
761 212 512 104 127 370 -1 -1 -1 -1 
762 212 569 117 70 361 -1 -1 -1 -1 
770 213 602 118 37 357 -1 -1 -1 -1 
771 213 598 111 41 368 -1 -1 -1 -1 
772 213 602 116 37 360 -1 -1 -1 -1 
773 213 601 118 38 358 -1 -1 -1 -1 
774 213 598 118 41 361 -1 -1 -1 -1 
775 213 598 134 41 345 -1 -1 -1 -1 
776 213 597 186 42 293 -1 -1 -1 -1 
777 213 598 201 41 278 -1 -1 -1 -1 
789 213 603 147 36 332 -1 -1 -1 -1 
790 213 603 149 36 328 -1 -1 -1 -1 
791 213 603 146 36 331 -1 -1 -1 -1 
792 213 601 143 38 334 -1 -1 -1 -1 
793 213 597 123 42 355 -1 -1 -1 -1 
794 213 601 141 38 338 -1 -1 -1 -1 
795 213 601 141 38 338 -1 -1 -1 -1 
796 213 601 142 38 336 -1 -1 -1 -1 
797 213 602 142 37 336 -1 -1 -1 -1 
798 213 601 132 38 343 -1 -1 -1 -1 
799 213 601 133 38 341 -1 -1 -1 -1 
