3 1 438 250 103 165 -1 -1 -1 -1 
4 1 439 249 102 167 -1 -1 -1 -1 
5 1 438 249 104 167 -1 -1 -1 -1 
6 1 437 249 104 167 -1 -1 -1 -1 
7 1 439 249 102 168 -1 -1 -1 -1 
8 1 438 250 103 166 -1 -1 -1 -1 
9 1 436 251 106 167 -1 -1 -1 -1 
10 1 435 253 111 165 -1 -1 -1 -1 
11 1 431 251 130 170 -1 -1 -1 -1 
12 1 435 255 128 163 -1 -1 -1 -1 
13 1 441 252 120 170 -1 -1 -1 -1 
14 1 443 251 119 174 -1 -1 -1 -1 
15 1 445 168 194 277 -1 -1 -1 -1 
16 1 442 175 197 255 -1 -1 -1 -1 
17 1 442 175 197 255 -1 -1 -1 -1 
18 6 433 247 130 176 -1 -1 -1 -1 
19 6 433 251 128 172 -1 -1 -1 -1 
20 6 433 254 126 168 -1 -1 -1 -1 
21 6 435 255 125 167 -1 -1 -1 -1 
22 6 433 254 126 167 -1 -1 -1 -1 
23 6 433 254 126 166 -1 -1 -1 -1 
24 6 431 254 129 166 -1 -1 -1 -1 
25 6 430 254 130 165 -1 -1 -1 -1 
26 6 434 255 128 162 -1 -1 -1 -1 
27 6 430 255 133 160 -1 -1 -1 -1 
28 6 429 254 134 161 -1 -1 -1 -1 
29 6 430 254 130 163 -1 -1 -1 -1 
30 6 430 254 133 164 -1 -1 -1 -1 
31 6 430 252 132 162 -1 -1 -1 -1 
32 6 430 201 206 215 -1 -1 -1 -1 
33 6 430 253 135 155 -1 -1 -1 -1 
34 6 430 253 138 160 -1 -1 -1 -1 
35 6 430 252 135 161 -1 -1 -1 -1 
36 6 430 252 132 161 -1 -1 -1 -1 
37 6 431 253 133 164 -1 -1 -1 -1 
38 6 431 252 133 168 -1 -1 -1 -1 
39 6 430 254 132 161 -1 -1 -1 -1 
40 6 430 254 133 161 -1 -1 -1 -1 
41 6 431 254 138 163 -1 -1 -1 -1 
42 6 431 253 138 166 -1 -1 -1 -1 
43 6 431 254 137 166 -1 -1 -1 -1 
44 6 431 254 135 167 -1 -1 -1 -1 
45 6 431 254 135 164 -1 -1 -1 -1 
46 6 431 253 136 166 -1 -1 -1 -1 
47 6 431 253 135 164 -1 -1 -1 -1 
48 6 430 254 135 160 -1 -1 -1 -1 
49 6 430 253 134 161 -1 -1 -1 -1 
50 6 431 253 135 158 -1 -1 -1 -1 
51 6 431 254 132 160 -1 -1 -1 -1 
52 6 431 254 131 163 -1 -1 -1 -1 
53 6 430 254 133 162 -1 -1 -1 -1 
54 6 431 254 131 162 -1 -1 -1 -1 
54 11 555 170 79 107 -1 -1 -1 -1 
55 6 431 254 131 161 -1 -1 -1 -1 
55 11 556 171 79 107 -1 -1 -1 -1 
56 6 431 254 132 161 -1 -1 -1 -1 
56 11 556 173 78 104 -1 -1 -1 -1 
57 6 432 254 129 162 -1 -1 -1 -1 
57 11 555 171 79 107 -1 -1 -1 -1 
58 6 431 254 132 163 -1 -1 -1 -1 
59 6 431 253 133 163 -1 -1 -1 -1 
60 6 431 254 133 162 -1 -1 -1 -1 
61 6 431 254 133 162 -1 -1 -1 -1 
62 6 431 254 133 161 -1 -1 -1 -1 
63 6 431 254 135 162 -1 -1 -1 -1 
64 6 431 254 136 161 -1 -1 -1 -1 
65 6 431 255 132 156 -1 -1 -1 -1 
66 6 431 255 131 153 -1 -1 -1 -1 
67 6 431 255 130 154 -1 -1 -1 -1 
68 6 431 255 130 157 -1 -1 -1 -1 
69 6 430 255 131 158 -1 -1 -1 -1 
70 6 430 255 131 159 -1 -1 -1 -1 
71 6 430 254 132 161 -1 -1 -1 -1 
72 6 430 255 130 161 -1 -1 -1 -1 
73 6 430 255 131 162 -1 -1 -1 -1 
74 6 430 255 131 163 -1 -1 -1 -1 
75 6 430 255 132 162 -1 -1 -1 -1 
76 6 431 255 132 163 -1 -1 -1 -1 
77 6 431 255 132 162 -1 -1 -1 -1 
78 6 431 255 132 163 -1 -1 -1 -1 
79 6 431 255 132 162 -1 -1 -1 -1 
80 6 431 255 133 163 -1 -1 -1 -1 
81 6 430 256 131 160 -1 -1 -1 -1 
82 6 430 250 129 171 -1 -1 -1 -1 
83 6 431 268 128 151 -1 -1 -1 -1 
84 6 431 269 129 150 -1 -1 -1 -1 
85 6 431 267 131 153 -1 -1 -1 -1 
86 6 432 268 132 154 -1 -1 -1 -1 
87 6 449 267 113 155 -1 -1 -1 -1 
88 6 447 270 115 151 -1 -1 -1 -1 
89 6 433 267 130 152 -1 -1 -1 -1 
90 6 435 264 129 157 -1 -1 -1 -1 
91 6 431 271 130 148 -1 -1 -1 -1 
93 6 431 279 129 138 -1 -1 -1 -1 
94 6 430 270 131 150 -1 -1 -1 -1 
95 6 430 269 128 152 -1 -1 -1 -1 
96 6 439 177 200 251 -1 -1 -1 -1 
100 14 428 265 131 158 -1 -1 -1 -1 
101 14 428 264 131 159 -1 -1 -1 -1 
102 14 430 265 129 158 -1 -1 -1 -1 
103 14 429 266 129 156 -1 -1 -1 -1 
104 14 430 267 128 155 -1 -1 -1 -1 
105 14 430 270 125 150 -1 -1 -1 -1 
106 14 430 268 127 152 -1 -1 -1 -1 
107 14 430 268 129 152 -1 -1 -1 -1 
108 14 430 268 128 151 -1 -1 -1 -1 
109 14 430 267 130 153 -1 -1 -1 -1 
110 14 430 267 129 153 -1 -1 -1 -1 
111 14 430 266 133 153 -1 -1 -1 -1 
112 14 430 267 129 154 -1 -1 -1 -1 
113 14 429 267 130 155 -1 -1 -1 -1 
114 14 429 267 130 155 -1 -1 -1 -1 
115 14 429 267 132 154 -1 -1 -1 -1 
116 14 429 267 131 155 -1 -1 -1 -1 
117 14 430 267 129 155 -1 -1 -1 -1 
118 14 430 267 128 156 -1 -1 -1 -1 
119 14 430 266 131 157 -1 -1 -1 -1 
120 14 430 266 134 156 -1 -1 -1 -1 
121 14 430 267 135 154 -1 -1 -1 -1 
122 14 429 268 131 155 -1 -1 -1 -1 
123 14 429 265 136 158 -1 -1 -1 -1 
124 14 429 264 138 159 -1 -1 -1 -1 
125 14 429 261 135 176 -1 -1 -1 -1 
126 14 429 261 137 166 -1 -1 -1 -1 
127 14 429 261 135 162 -1 -1 -1 -1 
128 14 429 260 136 162 -1 -1 -1 -1 
129 14 429 269 131 150 -1 -1 -1 -1 
131 14 429 269 132 154 -1 -1 -1 -1 
132 14 428 266 133 156 -1 -1 -1 -1 
133 14 428 270 132 152 -1 -1 -1 -1 
134 14 429 266 134 155 -1 -1 -1 -1 
135 14 428 265 136 157 -1 -1 -1 -1 
136 14 428 266 136 155 -1 -1 -1 -1 
137 14 429 267 134 154 -1 -1 -1 -1 
138 14 429 265 134 157 -1 -1 -1 -1 
139 14 429 265 134 156 -1 -1 -1 -1 
140 14 429 270 132 150 -1 -1 -1 -1 
141 14 429 263 131 155 -1 -1 -1 -1 
142 14 430 173 207 247 -1 -1 -1 -1 
143 14 430 248 133 146 -1 -1 -1 -1 
144 14 430 245 128 160 -1 -1 -1 -1 
145 14 430 244 130 164 -1 -1 -1 -1 
146 14 430 246 133 156 -1 -1 -1 -1 
147 14 430 247 133 157 -1 -1 -1 -1 
148 14 430 248 131 153 -1 -1 -1 -1 
149 14 430 247 129 146 -1 -1 -1 -1 
150 14 430 248 128 146 -1 -1 -1 -1 
151 14 430 249 129 145 -1 -1 -1 -1 
152 14 431 248 126 143 -1 -1 -1 -1 
153 14 431 249 128 143 -1 -1 -1 -1 
154 14 431 248 128 142 -1 -1 -1 -1 
155 14 430 247 130 145 -1 -1 -1 -1 
156 14 431 247 130 145 -1 -1 -1 -1 
157 14 431 247 131 142 -1 -1 -1 -1 
158 14 431 247 131 144 -1 -1 -1 -1 
159 14 431 247 132 144 -1 -1 -1 -1 
160 14 431 248 133 141 -1 -1 -1 -1 
161 14 431 248 131 142 -1 -1 -1 -1 
162 14 430 248 131 142 -1 -1 -1 -1 
