12 1 515 117 124 360 -1 -1 -1 -1 
13 1 496 127 141 349 -1 -1 -1 -1 
14 1 488 136 123 343 -1 -1 -1 -1 
15 1 474 129 99 346 -1 -1 -1 -1 
16 1 461 135 117 306 -1 -1 -1 -1 
17 1 468 138 95 338 -1 -1 -1 -1 
18 1 458 131 84 317 -1 -1 -1 -1 
19 1 489 132 70 292 -1 -1 -1 -1 
20 1 489 132 70 292 -1 -1 -1 -1 
35 7 470 102 79 359 -1 -1 -1 -1 
36 7 470 102 79 359 -1 -1 -1 -1 
41 14 89 117 136 360 -1 -1 -1 -1 
42 14 82 114 156 361 -1 -1 -1 -1 
43 14 78 101 157 377 -1 -1 -1 -1 
44 14 78 101 157 377 -1 -1 -1 -1 
44 18 565 134 47 104 -1 -1 -1 -1 
45 18 567 134 44 105 -1 -1 -1 -1 
46 18 567 134 44 105 -1 -1 -1 -1 
86 29 604 153 35 132 -1 -1 -1 -1 
87 29 604 147 35 141 -1 -1 -1 -1 
88 29 604 146 35 141 -1 -1 -1 -1 
89 29 604 146 35 142 -1 -1 -1 -1 
90 29 603 146 36 142 -1 -1 -1 -1 
91 29 605 139 34 143 -1 -1 -1 -1 
92 29 604 139 35 143 -1 -1 -1 -1 
93 29 604 140 35 142 -1 -1 -1 -1 
94 29 606 140 33 142 -1 -1 -1 -1 
110 31 604 142 35 139 -1 -1 -1 -1 
111 31 604 146 35 136 -1 -1 -1 -1 
112 31 605 158 34 127 -1 -1 -1 -1 
113 31 605 149 34 138 -1 -1 -1 -1 
114 31 605 148 34 141 -1 -1 -1 -1 
116 31 605 161 34 121 -1 -1 -1 -1 
117 31 605 142 34 140 -1 -1 -1 -1 
118 31 604 147 35 138 -1 -1 -1 -1 
119 31 605 154 34 131 -1 -1 -1 -1 
120 31 605 154 34 131 -1 -1 -1 -1 
152 36 474 123 78 342 -1 -1 -1 -1 
153 36 458 122 102 353 -1 -1 -1 -1 
154 36 486 123 117 353 -1 -1 -1 -1 
155 36 499 123 140 355 -1 -1 -1 -1 
201 43 78 148 135 329 -1 -1 -1 -1 
202 43 78 148 135 329 -1 -1 -1 -1 
204 46 253 124 222 354 -1 -1 -1 -1 
205 46 253 124 222 354 -1 -1 -1 -1 
216 51 86 154 131 320 -1 -1 -1 -1 
217 51 62 218 132 258 -1 -1 -1 -1 
218 51 61 225 129 252 -1 -1 -1 -1 
219 51 68 163 121 315 -1 -1 -1 -1 
220 51 110 146 111 331 -1 -1 -1 -1 
221 51 143 138 112 339 -1 -1 -1 -1 
222 51 178 128 114 350 -1 -1 -1 -1 
223 51 167 130 132 347 -1 -1 -1 -1 
224 51 160 137 135 340 -1 -1 -1 -1 
225 51 185 123 130 354 -1 -1 -1 -1 
226 51 186 130 145 349 -1 -1 -1 -1 
227 51 136 131 272 345 -1 -1 -1 -1 
228 51 251 112 208 364 -1 -1 -1 -1 
229 51 251 112 208 364 -1 -1 -1 -1 
231 58 498 113 141 360 -1 -1 -1 -1 
232 58 521 113 118 357 -1 -1 -1 -1 
233 58 528 112 111 362 -1 -1 -1 -1 
234 58 523 112 116 362 -1 -1 -1 -1 
235 58 520 111 119 363 -1 -1 -1 -1 
236 58 531 112 108 362 -1 -1 -1 -1 
237 58 528 112 111 363 -1 -1 -1 -1 
238 58 522 116 117 360 -1 -1 -1 -1 
239 58 510 118 129 359 -1 -1 -1 -1 
240 58 506 120 133 352 -1 -1 -1 -1 
241 58 501 113 138 362 -1 -1 -1 -1 
242 58 469 116 167 359 -1 -1 -1 -1 
243 58 464 117 103 360 -1 -1 -1 -1 
244 58 469 36 147 439 -1 -1 -1 -1 
245 58 484 50 155 427 -1 -1 -1 -1 
246 58 525 122 114 355 -1 -1 -1 -1 
266 68 156 146 108 331 -1 -1 -1 -1 
267 68 136 177 96 301 -1 -1 -1 -1 
267 70 84 219 51 56 -1 -1 -1 -1 
268 68 127 235 128 238 -1 -1 -1 -1 
268 70 83 219 45 45 -1 -1 -1 -1 
269 68 100 215 155 252 -1 -1 -1 -1 
270 68 123 150 124 322 -1 -1 -1 -1 
271 68 142 140 104 338 -1 -1 -1 -1 
271 70 85 220 38 43 -1 -1 -1 -1 
272 68 123 139 118 338 -1 -1 -1 -1 
272 70 86 219 38 45 -1 -1 -1 -1 
273 68 146 131 171 348 -1 -1 -1 -1 
273 70 83 220 45 44 -1 -1 -1 -1 
274 68 150 174 153 303 -1 -1 -1 -1 
275 68 218 159 115 318 -1 -1 -1 -1 
276 68 218 159 115 318 -1 -1 -1 -1 
278 75 337 144 98 324 -1 -1 -1 -1 
279 75 337 144 98 324 -1 -1 -1 -1 
281 76 428 128 59 192 -1 -1 -1 -1 
282 76 446 127 73 235 -1 -1 -1 -1 
283 76 453 141 85 274 -1 -1 -1 -1 
284 76 483 128 84 284 -1 -1 -1 -1 
285 76 488 133 100 275 -1 -1 -1 -1 
286 76 513 132 76 273 -1 -1 -1 -1 
287 76 513 130 79 271 -1 -1 -1 -1 
288 76 513 132 79 270 -1 -1 -1 -1 
289 76 511 132 80 270 -1 -1 -1 -1 
290 76 513 131 81 274 -1 -1 -1 -1 
291 76 535 130 62 261 -1 -1 -1 -1 
292 76 562 133 47 131 -1 -1 -1 -1 
325 80 570 137 45 48 -1 -1 -1 -1 
326 80 570 137 45 48 -1 -1 -1 -1 
328 81 491 131 81 278 -1 -1 -1 -1 
329 81 461 122 76 289 -1 -1 -1 -1 
330 81 423 119 66 300 -1 -1 -1 -1 
331 81 423 119 66 300 -1 -1 -1 -1 
336 86 85 257 149 206 -1 -1 -1 -1 
337 86 87 237 145 226 -1 -1 -1 -1 
338 86 91 180 133 282 -1 -1 -1 -1 
339 86 88 155 121 324 -1 -1 -1 -1 
340 86 76 151 103 328 -1 -1 -1 -1 
341 86 76 150 104 328 -1 -1 -1 -1 
342 86 63 158 111 319 -1 -1 -1 -1 
343 86 11 163 128 316 -1 -1 -1 -1 
344 86 0 176 96 298 -1 -1 -1 -1 
