3 1 488 362 104 117 -1 -1 -1 -1 
4 1 488 362 104 117 -1 -1 -1 -1 
6 3 565 113 74 348 -1 -1 -1 -1 
7 3 561 113 78 341 -1 -1 -1 -1 
8 3 567 114 72 298 -1 -1 -1 -1 
10 1 484 344 109 133 -1 -1 -1 -1 
11 1 484 344 108 131 -1 -1 -1 -1 
12 1 487 367 105 111 -1 -1 -1 -1 
13 1 484 342 100 127 -1 -1 -1 -1 
13 3 555 115 82 328 -1 -1 -1 -1 
14 1 483 338 103 131 -1 -1 -1 -1 
14 3 552 116 84 320 -1 -1 -1 -1 
15 1 484 344 102 129 -1 -1 -1 -1 
15 3 554 117 84 324 -1 -1 -1 -1 
16 1 485 350 99 122 -1 -1 -1 -1 
16 3 554 120 85 329 -1 -1 -1 -1 
17 1 484 339 101 131 -1 -1 -1 -1 
17 3 566 120 73 296 -1 -1 -1 -1 
18 1 484 339 101 131 -1 -1 -1 -1 
19 3 563 119 76 305 -1 -1 -1 -1 
20 3 567 120 72 312 -1 -1 -1 -1 
21 1 484 349 104 125 -1 -1 -1 -1 
21 3 568 119 71 319 -1 -1 -1 -1 
22 1 484 349 104 125 -1 -1 -1 -1 
23 3 561 119 78 309 -1 -1 -1 -1 
24 3 567 118 72 291 -1 -1 -1 -1 
25 1 483 346 105 130 -1 -1 -1 -1 
25 3 564 119 75 299 -1 -1 -1 -1 
26 1 487 364 99 113 -1 -1 -1 -1 
26 3 561 118 78 303 -1 -1 -1 -1 
27 1 488 368 101 110 -1 -1 -1 -1 
27 3 561 119 78 297 -1 -1 -1 -1 
28 1 488 366 101 112 -1 -1 -1 -1 
28 3 561 119 78 300 -1 -1 -1 -1 
29 1 484 346 103 128 -1 -1 -1 -1 
29 3 561 119 78 303 -1 -1 -1 -1 
30 1 488 360 100 118 -1 -1 -1 -1 
30 3 559 118 80 308 -1 -1 -1 -1 
31 1 486 357 106 121 -1 -1 -1 -1 
31 3 570 119 69 286 -1 -1 -1 -1 
32 1 487 360 105 118 -1 -1 -1 -1 
32 3 584 115 55 315 -1 -1 -1 -1 
33 1 484 343 108 134 -1 -1 -1 -1 
33 3 582 115 57 319 -1 -1 -1 -1 
34 1 484 342 108 133 -1 -1 -1 -1 
34 3 583 114 56 326 -1 -1 -1 -1 
35 1 484 345 107 131 -1 -1 -1 -1 
35 3 584 119 55 322 -1 -1 -1 -1 
36 1 483 342 108 132 -1 -1 -1 -1 
36 3 584 117 55 325 -1 -1 -1 -1 
37 1 485 346 106 128 -1 -1 -1 -1 
37 3 583 117 56 326 -1 -1 -1 -1 
38 1 485 345 107 130 -1 -1 -1 -1 
38 3 583 113 56 334 -1 -1 -1 -1 
39 1 485 346 106 130 -1 -1 -1 -1 
39 3 586 119 53 322 -1 -1 -1 -1 
40 1 484 340 106 133 -1 -1 -1 -1 
40 3 573 118 66 350 -1 -1 -1 -1 
41 1 484 340 102 121 -1 -1 -1 -1 
41 3 536 116 102 314 -1 -1 -1 -1 
42 1 484 340 102 121 -1 -1 -1 -1 
43 3 562 117 76 309 -1 -1 -1 -1 
44 1 484 339 105 130 -1 -1 -1 -1 
44 3 585 115 54 348 -1 -1 -1 -1 
45 1 484 339 108 135 -1 -1 -1 -1 
45 3 593 118 46 358 -1 -1 -1 -1 
46 1 489 369 103 109 -1 -1 -1 -1 
47 1 488 363 102 115 -1 -1 -1 -1 
48 1 488 363 102 115 -1 -1 -1 -1 
49 10 548 105 91 374 -1 -1 -1 -1 
50 10 485 188 154 288 -1 -1 -1 -1 
51 10 486 143 153 334 -1 -1 -1 -1 
52 10 483 139 156 339 -1 -1 -1 -1 
53 10 492 101 147 375 -1 -1 -1 -1 
54 10 503 79 136 395 -1 -1 -1 -1 
56 1 488 371 102 107 -1 -1 -1 -1 
57 1 488 371 102 107 -1 -1 -1 -1 
77 15 394 0 165 479 -1 -1 -1 -1 
78 15 380 2 135 470 -1 -1 -1 -1 
79 15 387 3 109 419 -1 -1 -1 -1 
80 15 393 0 99 389 -1 -1 -1 -1 
81 15 346 1 129 386 -1 -1 -1 -1 
82 15 348 1 122 384 -1 -1 -1 -1 
83 15 352 1 115 388 -1 -1 -1 -1 
84 15 352 1 115 388 -1 -1 -1 -1 
85 15 354 1 113 388 -1 -1 -1 -1 
86 15 354 1 113 387 -1 -1 -1 -1 
87 15 354 1 113 387 -1 -1 -1 -1 
88 15 355 1 112 387 -1 -1 -1 -1 
89 15 355 1 112 387 -1 -1 -1 -1 
90 15 352 3 202 382 -1 -1 -1 -1 
91 15 357 3 193 382 -1 -1 -1 -1 
92 15 357 2 194 384 -1 -1 -1 -1 
93 15 357 2 193 384 -1 -1 -1 -1 
94 15 359 0 111 383 -1 -1 -1 -1 
95 15 358 0 108 383 -1 -1 -1 -1 
96 15 357 0 108 382 -1 -1 -1 -1 
97 15 358 0 109 382 -1 -1 -1 -1 
98 15 357 0 115 382 -1 -1 -1 -1 
99 15 321 1 146 393 -1 -1 -1 -1 
100 15 290 5 117 385 -1 -1 -1 -1 
101 15 265 16 126 354 -1 -1 -1 -1 
102 15 245 21 129 350 -1 -1 -1 -1 
103 15 249 17 124 355 -1 -1 -1 -1 
104 15 250 17 123 355 -1 -1 -1 -1 
105 15 251 17 122 355 -1 -1 -1 -1 
106 15 252 17 122 354 -1 -1 -1 -1 
107 15 252 17 121 354 -1 -1 -1 -1 
108 15 252 17 121 354 -1 -1 -1 -1 
109 15 251 18 122 353 -1 -1 -1 -1 
110 15 254 17 119 355 -1 -1 -1 -1 
111 15 253 17 120 355 -1 -1 -1 -1 
112 15 252 17 121 355 -1 -1 -1 -1 
113 15 253 17 121 355 -1 -1 -1 -1 
114 15 252 17 122 355 -1 -1 -1 -1 
115 15 252 17 121 355 -1 -1 -1 -1 
116 15 253 18 121 354 -1 -1 -1 -1 
117 15 252 17 121 355 -1 -1 -1 -1 
118 15 253 17 120 355 -1 -1 -1 -1 
119 15 253 17 120 355 -1 -1 -1 -1 
120 15 253 17 120 355 -1 -1 -1 -1 
121 15 253 17 120 355 -1 -1 -1 -1 
122 15 253 17 120 354 -1 -1 -1 -1 
123 15 253 18 120 353 -1 -1 -1 -1 
124 15 253 17 120 354 -1 -1 -1 -1 
125 15 253 17 120 354 -1 -1 -1 -1 
126 15 253 18 121 353 -1 -1 -1 -1 
127 15 253 17 121 354 -1 -1 -1 -1 
128 15 254 17 120 354 -1 -1 -1 -1 
129 15 253 17 121 355 -1 -1 -1 -1 
130 15 254 17 119 354 -1 -1 -1 -1 
131 15 252 19 116 353 -1 -1 -1 -1 
132 15 254 18 119 352 -1 -1 -1 -1 
133 15 254 18 119 352 -1 -1 -1 -1 
134 15 253 18 120 352 -1 -1 -1 -1 
135 15 252 19 121 352 -1 -1 -1 -1 
136 15 252 19 122 352 -1 -1 -1 -1 
137 15 252 19 121 352 -1 -1 -1 -1 
138 15 252 19 121 352 -1 -1 -1 -1 
139 15 253 19 120 352 -1 -1 -1 -1 
140 15 253 19 120 352 -1 -1 -1 -1 
141 15 253 19 121 353 -1 -1 -1 -1 
142 15 253 19 121 353 -1 -1 -1 -1 
143 15 253 19 121 353 -1 -1 -1 -1 
144 15 253 19 121 352 -1 -1 -1 -1 
145 15 252 19 121 352 -1 -1 -1 -1 
146 15 251 19 122 352 -1 -1 -1 -1 
147 15 252 18 121 353 -1 -1 -1 -1 
148 15 251 21 122 350 -1 -1 -1 -1 
149 15 242 27 133 343 -1 -1 -1 -1 
150 15 209 40 114 366 -1 -1 -1 -1 
151 15 172 56 141 353 -1 -1 -1 -1 
152 15 135 75 113 317 -1 -1 -1 -1 
153 15 108 85 106 294 -1 -1 -1 -1 
154 15 138 75 87 269 -1 -1 -1 -1 
155 15 138 75 87 269 -1 -1 -1 -1 
157 17 221 33 124 307 -1 -1 -1 -1 
158 17 243 27 124 374 -1 -1 -1 -1 
159 17 260 15 154 386 -1 -1 -1 -1 
160 17 326 1 127 396 -1 -1 -1 -1 
161 17 383 3 133 376 -1 -1 -1 -1 
162 17 392 3 104 341 -1 -1 -1 -1 
163 17 398 2 90 310 -1 -1 -1 -1 
164 17 398 2 90 310 -1 -1 -1 -1 
168 20 207 52 102 248 -1 -1 -1 -1 
169 20 207 52 102 248 -1 -1 -1 -1 
171 21 92 90 117 292 -1 -1 -1 -1 
172 21 116 74 116 336 -1 -1 -1 -1 
173 21 147 56 120 365 -1 -1 -1 -1 
174 21 147 56 120 365 -1 -1 -1 -1 
177 23 393 2 91 324 -1 -1 -1 -1 
178 23 400 3 103 279 -1 -1 -1 -1 
179 23 385 2 71 277 -1 -1 -1 -1 
180 23 385 2 71 277 -1 -1 -1 -1 
182 24 276 19 96 333 -1 -1 -1 -1 
183 24 204 32 131 351 -1 -1 -1 -1 
184 24 198 40 94 359 -1 -1 -1 -1 
185 24 171 51 136 327 -1 -1 -1 -1 
186 24 190 41 128 340 -1 -1 -1 -1 
187 24 194 41 124 341 -1 -1 -1 -1 
188 24 192 42 126 339 -1 -1 -1 -1 
189 24 192 42 125 339 -1 -1 -1 -1 
190 24 191 42 127 339 -1 -1 -1 -1 
191 24 191 42 127 338 -1 -1 -1 -1 
192 24 191 42 127 338 -1 -1 -1 -1 
193 24 192 42 126 338 -1 -1 -1 -1 
194 24 192 42 126 338 -1 -1 -1 -1 
195 24 191 42 127 338 -1 -1 -1 -1 
196 24 192 42 126 339 -1 -1 -1 -1 
197 24 192 42 126 339 -1 -1 -1 -1 
198 24 192 42 126 339 -1 -1 -1 -1 
199 24 191 42 127 339 -1 -1 -1 -1 
200 24 191 42 127 339 -1 -1 -1 -1 
201 24 192 41 126 340 -1 -1 -1 -1 
202 24 193 42 125 339 -1 -1 -1 -1 
203 24 191 41 127 340 -1 -1 -1 -1 
204 24 191 41 127 340 -1 -1 -1 -1 
205 24 191 42 126 339 -1 -1 -1 -1 
206 24 191 42 126 339 -1 -1 -1 -1 
207 24 191 41 126 340 -1 -1 -1 -1 
208 24 191 41 126 340 -1 -1 -1 -1 
209 24 192 41 125 340 -1 -1 -1 -1 
210 24 192 41 126 340 -1 -1 -1 -1 
211 24 192 41 126 341 -1 -1 -1 -1 
212 24 192 42 126 339 -1 -1 -1 -1 
213 24 192 42 126 339 -1 -1 -1 -1 
214 24 192 42 126 339 -1 -1 -1 -1 
215 24 192 42 126 339 -1 -1 -1 -1 
216 24 192 42 125 338 -1 -1 -1 -1 
217 24 193 42 124 338 -1 -1 -1 -1 
218 24 193 42 124 338 -1 -1 -1 -1 
219 24 193 42 124 338 -1 -1 -1 -1 
220 24 193 42 124 338 -1 -1 -1 -1 
221 24 193 41 125 341 -1 -1 -1 -1 
222 24 192 41 126 341 -1 -1 -1 -1 
223 24 194 42 124 340 -1 -1 -1 -1 
224 24 199 41 118 342 -1 -1 -1 -1 
225 24 198 41 119 341 -1 -1 -1 -1 
226 24 219 32 100 340 -1 -1 -1 -1 
227 24 264 18 107 363 -1 -1 -1 -1 
228 24 264 18 107 363 -1 -1 -1 -1 
231 27 373 1 126 380 -1 -1 -1 -1 
232 27 373 1 126 380 -1 -1 -1 -1 
234 29 207 37 116 329 -1 -1 -1 -1 
235 29 161 57 102 306 -1 -1 -1 -1 
236 29 157 60 100 297 -1 -1 -1 -1 
237 29 135 73 121 277 -1 -1 -1 -1 
238 29 147 66 116 286 -1 -1 -1 -1 
239 29 165 56 102 320 -1 -1 -1 -1 
240 29 183 45 151 343 -1 -1 -1 -1 
241 29 221 23 137 437 -1 -1 -1 -1 
242 29 221 23 137 437 -1 -1 -1 -1 
245 31 461 0 92 404 -1 -1 -1 -1 
246 31 497 4 70 386 -1 -1 -1 -1 
247 31 514 1 89 363 -1 -1 -1 -1 
248 31 528 2 73 237 -1 -1 -1 -1 
249 31 528 1 72 233 -1 -1 -1 -1 
249 33 613 386 26 21 -1 -1 -1 -1 
250 31 528 2 73 237 -1 -1 -1 -1 
250 33 613 386 26 22 -1 -1 -1 -1 
251 31 530 0 76 241 -1 -1 -1 -1 
251 33 613 386 26 22 -1 -1 -1 -1 
252 31 530 0 76 241 -1 -1 -1 -1 
255 35 428 1 211 478 -1 -1 -1 -1 
