5 3 536 137 37 70 -1 -1 -1 -1 
6 3 536 137 37 70 -1 -1 -1 -1 
7 4 462 198 103 205 -1 -1 -1 -1 
8 4 465 197 101 209 -1 -1 -1 -1 
9 4 470 196 100 212 -1 -1 -1 -1 
10 4 470 196 100 212 -1 -1 -1 -1 
12 5 513 127 65 101 -1 -1 -1 -1 
13 5 513 130 71 88 -1 -1 -1 -1 
14 5 513 130 71 88 -1 -1 -1 -1 
18 10 351 132 117 301 -1 -1 -1 -1 
19 10 346 124 100 348 -1 -1 -1 -1 
20 10 370 158 119 310 -1 -1 -1 -1 
21 10 370 158 119 310 -1 -1 -1 -1 
26 14 523 150 45 91 -1 -1 -1 -1 
27 14 523 150 45 91 -1 -1 -1 -1 
28 16 326 107 95 317 -1 -1 -1 -1 
29 16 287 94 69 300 -1 -1 -1 -1 
30 16 217 97 110 315 -1 -1 -1 -1 
30 17 513 132 58 84 -1 -1 -1 -1 
31 16 151 110 112 320 -1 -1 -1 -1 
31 17 527 134 44 74 -1 -1 -1 -1 
32 16 109 104 83 329 -1 -1 -1 -1 
32 17 529 133 41 82 -1 -1 -1 -1 
33 16 90 107 81 327 -1 -1 -1 -1 
33 17 514 134 55 79 -1 -1 -1 -1 
34 16 90 107 81 327 -1 -1 -1 -1 
34 17 530 132 41 76 -1 -1 -1 -1 
35 17 527 131 47 82 -1 -1 -1 -1 
36 17 528 132 43 92 -1 -1 -1 -1 
37 17 528 132 43 92 -1 -1 -1 -1 
38 24 263 100 99 299 -1 -1 -1 -1 
40 25 353 127 128 318 -1 -1 -1 -1 
40 26 530 130 40 75 -1 -1 -1 -1 
41 25 351 128 134 323 -1 -1 -1 -1 
42 25 348 129 102 314 -1 -1 -1 -1 
43 25 333 113 82 328 -1 -1 -1 -1 
44 25 317 96 71 318 -1 -1 -1 -1 
45 25 317 96 71 318 -1 -1 -1 -1 
46 28 514 131 54 81 -1 -1 -1 -1 
47 28 513 133 55 76 -1 -1 -1 -1 
47 29 220 71 67 303 -1 -1 -1 -1 
48 28 512 133 56 77 -1 -1 -1 -1 
48 29 165 79 99 291 -1 -1 -1 -1 
48 30 562 309 74 84 -1 -1 -1 -1 
49 28 514 134 54 74 -1 -1 -1 -1 
49 29 137 66 82 304 -1 -1 -1 -1 
50 28 515 133 53 71 -1 -1 -1 -1 
50 29 126 72 78 310 -1 -1 -1 -1 
51 28 515 133 53 75 -1 -1 -1 -1 
51 29 127 89 95 293 -1 -1 -1 -1 
52 28 516 135 51 74 -1 -1 -1 -1 
52 29 127 89 95 293 -1 -1 -1 -1 
52 30 563 309 72 78 -1 -1 -1 -1 
52 33 588 197 51 70 -1 -1 -1 -1 
53 28 516 135 51 74 -1 -1 -1 -1 
53 30 564 312 75 82 -1 -1 -1 -1 
53 33 589 199 50 60 -1 -1 -1 -1 
54 30 564 312 75 82 -1 -1 -1 -1 
55 35 270 99 87 305 -1 -1 -1 -1 
56 35 290 105 100 301 -1 -1 -1 -1 
57 35 350 118 79 300 -1 -1 -1 -1 
58 35 374 129 105 328 -1 -1 -1 -1 
59 35 374 129 105 328 -1 -1 -1 -1 
59 36 521 130 48 92 -1 -1 -1 -1 
60 33 588 201 51 94 -1 -1 -1 -1 
60 36 524 131 45 82 -1 -1 -1 -1 
61 33 589 199 50 60 -1 -1 -1 -1 
61 36 521 130 48 138 -1 -1 -1 -1 
62 33 586 196 53 81 -1 -1 -1 -1 
62 36 520 132 49 111 -1 -1 -1 -1 
63 33 585 196 54 97 -1 -1 -1 -1 
63 36 523 139 47 133 -1 -1 -1 -1 
64 33 585 196 54 99 -1 -1 -1 -1 
64 36 528 141 43 131 -1 -1 -1 -1 
64 41 420 138 106 257 -1 -1 -1 -1 
65 33 585 196 54 99 -1 -1 -1 -1 
65 36 526 138 45 77 -1 -1 -1 -1 
66 36 526 138 45 77 -1 -1 -1 -1 
66 41 443 172 114 216 -1 -1 -1 -1 
67 41 469 210 99 182 -1 -1 -1 -1 
69 30 571 298 68 88 -1 -1 -1 -1 
70 30 558 296 74 95 -1 -1 -1 -1 
71 30 557 295 79 95 -1 -1 -1 -1 
71 45 432 248 135 146 -1 -1 -1 -1 
72 30 557 295 79 95 -1 -1 -1 -1 
72 45 431 247 133 152 -1 -1 -1 -1 
73 45 432 246 129 152 -1 -1 -1 -1 
74 33 585 195 54 103 -1 -1 -1 -1 
74 45 431 246 142 154 -1 -1 -1 -1 
75 33 584 196 55 99 -1 -1 -1 -1 
75 45 431 246 144 153 -1 -1 -1 -1 
76 33 585 197 54 100 -1 -1 -1 -1 
76 45 431 246 146 156 -1 -1 -1 -1 
77 33 584 197 55 98 -1 -1 -1 -1 
77 45 430 246 146 157 -1 -1 -1 -1 
77 52 529 122 38 80 -1 -1 -1 -1 
78 33 584 197 55 97 -1 -1 -1 -1 
78 45 433 247 128 152 -1 -1 -1 -1 
78 52 520 122 49 118 -1 -1 -1 -1 
79 33 585 197 54 97 -1 -1 -1 -1 
79 45 433 246 136 155 -1 -1 -1 -1 
79 52 519 122 50 116 -1 -1 -1 -1 
80 33 585 197 54 97 -1 -1 -1 -1 
80 45 429 248 145 157 -1 -1 -1 -1 
80 52 524 121 44 86 -1 -1 -1 -1 
81 33 585 197 54 91 -1 -1 -1 -1 
81 45 429 253 143 149 -1 -1 -1 -1 
81 52 527 121 41 83 -1 -1 -1 -1 
82 33 585 196 54 103 -1 -1 -1 -1 
82 45 431 248 130 151 -1 -1 -1 -1 
82 52 527 121 41 85 -1 -1 -1 -1 
83 33 583 197 56 102 -1 -1 -1 -1 
83 45 430 247 132 154 -1 -1 -1 -1 
83 52 515 125 56 116 -1 -1 -1 -1 
84 33 584 197 55 104 -1 -1 -1 -1 
84 45 430 247 128 153 -1 -1 -1 -1 
84 52 512 133 71 93 -1 -1 -1 -1 
84 55 533 295 100 99 -1 -1 -1 -1 
85 33 585 197 54 104 -1 -1 -1 -1 
85 45 430 248 127 150 -1 -1 -1 -1 
85 52 511 134 69 97 -1 -1 -1 -1 
85 55 534 297 94 96 -1 -1 -1 -1 
86 33 585 197 54 107 -1 -1 -1 -1 
86 45 430 248 130 150 -1 -1 -1 -1 
86 52 512 135 67 94 -1 -1 -1 -1 
86 55 537 298 95 95 -1 -1 -1 -1 
87 33 585 198 54 106 -1 -1 -1 -1 
87 45 430 248 130 151 -1 -1 -1 -1 
87 52 511 134 68 95 -1 -1 -1 -1 
87 55 537 295 96 98 -1 -1 -1 -1 
88 33 586 198 53 124 -1 -1 -1 -1 
88 45 430 248 128 151 -1 -1 -1 -1 
88 52 528 133 51 95 -1 -1 -1 -1 
88 55 534 293 102 100 -1 -1 -1 -1 
89 33 585 198 54 135 -1 -1 -1 -1 
89 45 430 248 125 150 -1 -1 -1 -1 
89 52 528 133 51 95 -1 -1 -1 -1 
89 55 532 292 103 101 -1 -1 -1 -1 
90 33 586 198 53 118 -1 -1 -1 -1 
90 45 430 248 127 150 -1 -1 -1 -1 
90 55 533 296 96 97 -1 -1 -1 -1 
90 56 618 331 21 45 -1 -1 -1 -1 
91 33 586 198 53 119 -1 -1 -1 -1 
91 45 430 248 125 149 -1 -1 -1 -1 
91 55 532 296 96 98 -1 -1 -1 -1 
91 56 618 331 21 44 -1 -1 -1 -1 
92 33 585 198 54 121 -1 -1 -1 -1 
92 45 430 248 124 149 -1 -1 -1 -1 
92 55 532 295 99 99 -1 -1 -1 -1 
93 33 584 198 55 128 -1 -1 -1 -1 
93 45 431 248 127 152 -1 -1 -1 -1 
93 55 532 295 102 99 -1 -1 -1 -1 
93 56 617 331 22 45 -1 -1 -1 -1 
94 33 585 197 54 148 -1 -1 -1 -1 
94 45 431 248 134 152 -1 -1 -1 -1 
94 55 531 287 105 106 -1 -1 -1 -1 
95 30 567 303 68 91 -1 -1 -1 -1 
95 33 585 200 54 95 -1 -1 -1 -1 
95 45 431 248 134 153 -1 -1 -1 -1 
95 55 531 287 105 106 -1 -1 -1 -1 
96 30 567 303 68 91 -1 -1 -1 -1 
96 33 586 201 53 89 -1 -1 -1 -1 
96 45 431 248 133 153 -1 -1 -1 -1 
97 33 586 201 53 96 -1 -1 -1 -1 
97 45 432 247 133 154 -1 -1 -1 -1 
97 57 529 129 38 75 -1 -1 -1 -1 
98 33 586 202 53 80 -1 -1 -1 -1 
98 45 431 247 133 153 -1 -1 -1 -1 
98 57 529 132 38 68 -1 -1 -1 -1 
99 33 585 202 54 81 -1 -1 -1 -1 
99 45 430 247 134 153 -1 -1 -1 -1 
99 57 529 127 39 74 -1 -1 -1 -1 
100 30 548 305 89 90 -1 -1 -1 -1 
100 33 584 202 55 78 -1 -1 -1 -1 
100 45 430 248 135 152 -1 -1 -1 -1 
100 57 533 128 36 74 -1 -1 -1 -1 
101 30 557 303 82 94 -1 -1 -1 -1 
101 33 586 198 53 116 -1 -1 -1 -1 
101 45 431 248 134 155 -1 -1 -1 -1 
101 57 530 126 39 72 -1 -1 -1 -1 
102 30 560 301 78 93 -1 -1 -1 -1 
102 33 586 198 53 116 -1 -1 -1 -1 
102 45 430 248 134 153 -1 -1 -1 -1 
103 30 560 302 78 93 -1 -1 -1 -1 
103 45 430 248 135 153 -1 -1 -1 -1 
103 57 530 126 38 69 -1 -1 -1 -1 
104 30 562 301 74 94 -1 -1 -1 -1 
104 33 586 200 53 96 -1 -1 -1 -1 
104 45 431 248 134 152 -1 -1 -1 -1 
105 30 562 302 76 91 -1 -1 -1 -1 
105 33 587 202 52 85 -1 -1 -1 -1 
105 45 431 248 133 153 -1 -1 -1 -1 
106 30 562 302 71 91 -1 -1 -1 -1 
106 33 593 200 46 57 -1 -1 -1 -1 
106 45 431 247 132 154 -1 -1 -1 -1 
107 30 551 301 88 93 -1 -1 -1 -1 
107 33 593 200 46 57 -1 -1 -1 -1 
107 45 430 253 134 147 -1 -1 -1 -1 
108 30 559 299 78 97 -1 -1 -1 -1 
108 45 429 252 135 148 -1 -1 -1 -1 
108 61 518 126 50 116 -1 -1 -1 -1 
109 30 558 299 77 96 -1 -1 -1 -1 
109 45 430 252 134 147 -1 -1 -1 -1 
109 61 510 126 59 110 -1 -1 -1 -1 
110 30 562 300 76 94 -1 -1 -1 -1 
110 45 430 252 136 148 -1 -1 -1 -1 
110 61 507 127 61 106 -1 -1 -1 -1 
111 30 557 299 81 97 -1 -1 -1 -1 
111 45 430 253 134 147 -1 -1 -1 -1 
111 61 528 124 40 114 -1 -1 -1 -1 
112 30 559 298 78 96 -1 -1 -1 -1 
112 45 430 252 134 150 -1 -1 -1 -1 
112 61 524 125 44 124 -1 -1 -1 -1 
113 30 557 298 80 96 -1 -1 -1 -1 
113 45 430 251 134 151 -1 -1 -1 -1 
113 61 523 125 45 127 -1 -1 -1 -1 
114 30 560 298 74 95 -1 -1 -1 -1 
114 45 431 251 133 150 -1 -1 -1 -1 
114 61 518 125 50 125 -1 -1 -1 -1 
115 30 560 298 78 97 -1 -1 -1 -1 
115 45 430 252 134 148 -1 -1 -1 -1 
115 61 517 125 51 124 -1 -1 -1 -1 
116 30 561 298 77 95 -1 -1 -1 -1 
116 45 430 253 133 147 -1 -1 -1 -1 
116 61 528 125 40 125 -1 -1 -1 -1 
117 30 561 298 77 95 -1 -1 -1 -1 
117 45 430 248 134 153 -1 -1 -1 -1 
118 30 558 300 81 94 -1 -1 -1 -1 
118 45 430 249 136 152 -1 -1 -1 -1 
118 61 506 162 59 86 -1 -1 -1 -1 
119 30 558 299 81 94 -1 -1 -1 -1 
119 45 430 248 134 152 -1 -1 -1 -1 
119 61 506 162 59 86 -1 -1 -1 -1 
120 30 561 301 77 91 -1 -1 -1 -1 
120 45 431 247 134 153 -1 -1 -1 -1 
121 30 556 303 82 89 -1 -1 -1 -1 
121 45 431 248 134 152 -1 -1 -1 -1 
121 64 533 125 34 70 -1 -1 -1 -1 
122 30 559 302 76 90 -1 -1 -1 -1 
122 45 430 247 135 153 -1 -1 -1 -1 
122 64 531 125 36 72 -1 -1 -1 -1 
123 30 559 302 76 90 -1 -1 -1 -1 
123 45 431 247 132 151 -1 -1 -1 -1 
123 64 531 125 36 71 -1 -1 -1 -1 
123 66 476 144 63 67 -1 -1 -1 -1 
124 30 560 297 79 95 -1 -1 -1 -1 
124 45 430 249 134 151 -1 -1 -1 -1 
124 64 529 123 38 76 -1 -1 -1 -1 
124 66 480 145 76 71 -1 -1 -1 -1 
124 67 584 201 55 86 -1 -1 -1 -1 
125 30 560 297 79 95 -1 -1 -1 -1 
125 45 430 249 138 152 -1 -1 -1 -1 
126 45 430 251 137 150 -1 -1 -1 -1 
126 66 476 153 56 57 -1 -1 -1 -1 
127 45 429 270 140 131 -1 -1 -1 -1 
127 66 470 155 62 54 -1 -1 -1 -1 
128 45 428 258 140 145 -1 -1 -1 -1 
128 66 470 155 62 54 -1 -1 -1 -1 
129 45 430 248 135 155 -1 -1 -1 -1 
130 30 561 304 77 90 -1 -1 -1 -1 
130 45 432 248 133 154 -1 -1 -1 -1 
130 69 425 59 79 169 -1 -1 -1 -1 
131 30 561 304 77 90 -1 -1 -1 -1 
131 45 431 248 135 154 -1 -1 -1 -1 
131 69 425 59 75 161 -1 -1 -1 -1 
132 30 561 304 77 90 -1 -1 -1 -1 
133 45 431 246 134 156 -1 -1 -1 -1 
134 45 430 249 134 155 -1 -1 -1 -1 
135 30 549 305 90 87 -1 -1 -1 -1 
135 45 430 249 136 153 -1 -1 -1 -1 
136 30 559 302 79 90 -1 -1 -1 -1 
136 45 432 249 133 154 -1 -1 -1 -1 
136 72 344 121 100 304 -1 -1 -1 -1 
137 30 559 302 79 90 -1 -1 -1 -1 
137 45 455 249 110 149 -1 -1 -1 -1 
137 72 333 182 125 297 -1 -1 -1 -1 
138 30 559 306 79 86 -1 -1 -1 -1 
138 45 438 249 127 153 -1 -1 -1 -1 
138 72 275 254 158 222 -1 -1 -1 -1 
139 30 557 305 82 87 -1 -1 -1 -1 
139 45 451 250 113 154 -1 -1 -1 -1 
139 72 321 321 121 158 -1 -1 -1 -1 
140 30 542 304 96 89 -1 -1 -1 -1 
140 45 430 248 133 149 -1 -1 -1 -1 
141 30 537 307 100 84 -1 -1 -1 -1 
141 45 429 250 136 151 -1 -1 -1 -1 
142 30 548 305 90 87 -1 -1 -1 -1 
142 45 429 249 135 151 -1 -1 -1 -1 
143 30 538 304 101 90 -1 -1 -1 -1 
143 45 430 248 135 154 -1 -1 -1 -1 
144 30 538 304 101 90 -1 -1 -1 -1 
145 45 431 250 134 152 -1 -1 -1 -1 
146 45 431 249 134 154 -1 -1 -1 -1 
147 45 430 250 135 152 -1 -1 -1 -1 
148 45 430 249 133 152 -1 -1 -1 -1 
149 45 429 251 137 150 -1 -1 -1 -1 
150 45 429 252 135 149 -1 -1 -1 -1 
151 45 429 251 135 150 -1 -1 -1 -1 
152 30 561 304 76 89 -1 -1 -1 -1 
152 45 429 253 136 147 -1 -1 -1 -1 
153 30 561 304 76 89 -1 -1 -1 -1 
154 45 428 251 132 143 -1 -1 -1 -1 
155 45 429 244 135 153 -1 -1 -1 -1 
156 45 428 243 126 154 -1 -1 -1 -1 
156 79 544 305 89 85 -1 -1 -1 -1 
156 80 481 156 55 53 -1 -1 -1 -1 
157 45 429 248 135 150 -1 -1 -1 -1 
157 79 545 295 91 93 -1 -1 -1 -1 
157 80 480 156 56 55 -1 -1 -1 -1 
158 45 429 245 130 153 -1 -1 -1 -1 
159 45 429 245 143 153 -1 -1 -1 -1 
160 45 429 244 137 154 -1 -1 -1 -1 
161 45 429 246 135 151 -1 -1 -1 -1 
161 79 545 304 89 87 -1 -1 -1 -1 
162 45 428 248 137 150 -1 -1 -1 -1 
162 79 544 303 92 88 -1 -1 -1 -1 
163 45 429 245 135 152 -1 -1 -1 -1 
163 79 544 303 92 88 -1 -1 -1 -1 
164 30 540 307 97 87 -1 -1 -1 -1 
164 45 429 245 134 151 -1 -1 -1 -1 
165 30 541 308 94 87 -1 -1 -1 -1 
165 45 429 245 133 152 -1 -1 -1 -1 
166 30 541 308 94 86 -1 -1 -1 -1 
166 45 428 247 137 149 -1 -1 -1 -1 
167 30 553 308 86 82 -1 -1 -1 -1 
167 45 447 254 122 144 -1 -1 -1 -1 
168 30 553 308 86 82 -1 -1 -1 -1 
169 45 427 233 142 163 -1 -1 -1 -1 
170 45 457 239 112 159 -1 -1 -1 -1 
171 45 428 244 142 156 -1 -1 -1 -1 
172 45 428 249 143 152 -1 -1 -1 -1 
173 45 443 246 128 153 -1 -1 -1 -1 
174 45 438 243 115 153 -1 -1 -1 -1 
175 45 440 240 111 156 -1 -1 -1 -1 
176 45 455 237 95 162 -1 -1 -1 -1 
176 79 547 305 85 86 -1 -1 -1 -1 
177 45 453 235 101 161 -1 -1 -1 -1 
177 79 543 306 92 85 -1 -1 -1 -1 
178 45 455 236 95 161 -1 -1 -1 -1 
178 79 544 303 89 88 -1 -1 -1 -1 
179 45 459 236 91 161 -1 -1 -1 -1 
179 79 542 305 89 85 -1 -1 -1 -1 
180 45 446 238 106 159 -1 -1 -1 -1 
180 79 541 305 89 84 -1 -1 -1 -1 
181 45 442 237 111 159 -1 -1 -1 -1 
181 79 542 306 87 82 -1 -1 -1 -1 
182 45 445 238 106 156 -1 -1 -1 -1 
182 79 540 308 89 81 -1 -1 -1 -1 
183 45 441 238 113 158 -1 -1 -1 -1 
184 45 449 237 104 157 -1 -1 -1 -1 
185 45 447 237 105 158 -1 -1 -1 -1 
186 45 446 239 112 159 -1 -1 -1 -1 
187 45 442 240 119 158 -1 -1 -1 -1 
