3 1 430 139 108 246 -1 -1 -1 -1 
4 1 432 141 107 246 -1 -1 -1 -1 
5 1 431 139 106 252 -1 -1 -1 -1 
5 2 532 287 76 110 -1 -1 -1 -1 
6 1 438 140 104 249 -1 -1 -1 -1 
7 1 438 140 104 249 -1 -1 -1 -1 
10 5 479 158 93 120 -1 -1 -1 -1 
11 5 477 163 96 108 -1 -1 -1 -1 
12 5 477 156 93 122 -1 -1 -1 -1 
13 5 477 156 93 122 -1 -1 -1 -1 
17 9 488 288 126 117 -1 -1 -1 -1 
17 10 425 125 120 255 -1 -1 -1 -1 
18 9 488 301 135 103 -1 -1 -1 -1 
19 9 489 300 150 101 -1 -1 -1 -1 
20 9 491 296 148 104 -1 -1 -1 -1 
21 9 491 296 148 104 -1 -1 -1 -1 
23 9 497 292 136 106 -1 -1 -1 -1 
23 11 421 123 132 270 -1 -1 -1 -1 
24 9 514 294 124 105 -1 -1 -1 -1 
24 11 421 118 131 272 -1 -1 -1 -1 
25 9 490 294 148 108 -1 -1 -1 -1 
25 11 422 115 128 276 -1 -1 -1 -1 
26 9 489 293 147 111 -1 -1 -1 -1 
26 11 427 122 122 269 -1 -1 -1 -1 
27 9 493 294 146 105 -1 -1 -1 -1 
28 9 517 290 122 110 -1 -1 -1 -1 
29 9 489 292 149 117 -1 -1 -1 -1 
30 9 521 288 118 110 -1 -1 -1 -1 
34 1 426 139 105 251 -1 -1 -1 -1 
35 1 432 145 113 242 -1 -1 -1 -1 
36 1 432 145 113 242 -1 -1 -1 -1 
38 15 473 153 102 242 -1 -1 -1 -1 
39 15 473 152 105 231 -1 -1 -1 -1 
40 15 491 153 86 123 -1 -1 -1 -1 
41 15 474 153 104 122 -1 -1 -1 -1 
42 15 484 153 92 125 -1 -1 -1 -1 
43 15 470 151 105 214 -1 -1 -1 -1 
44 15 464 152 109 233 -1 -1 -1 -1 
45 15 458 152 113 244 -1 -1 -1 -1 
46 15 462 153 113 236 -1 -1 -1 -1 
47 15 470 154 107 225 -1 -1 -1 -1 
51 18 491 155 85 126 -1 -1 -1 -1 
52 18 492 155 83 124 -1 -1 -1 -1 
53 18 490 154 84 126 -1 -1 -1 -1 
54 15 475 156 97 198 -1 -1 -1 -1 
55 15 455 150 93 208 -1 -1 -1 -1 
56 15 440 142 89 241 -1 -1 -1 -1 
57 1 432 144 95 244 -1 -1 -1 -1 
57 15 440 142 89 241 -1 -1 -1 -1 
58 1 431 157 112 233 -1 -1 -1 -1 
61 1 428 160 118 231 -1 -1 -1 -1 
62 1 429 149 103 239 -1 -1 -1 -1 
63 1 427 144 99 246 -1 -1 -1 -1 
64 1 426 149 109 242 -1 -1 -1 -1 
65 1 425 147 111 242 -1 -1 -1 -1 
66 1 425 145 111 249 -1 -1 -1 -1 
67 1 426 151 112 242 -1 -1 -1 -1 
68 1 432 152 108 238 -1 -1 -1 -1 
68 22 526 168 113 222 -1 -1 -1 -1 
72 23 431 157 124 237 -1 -1 -1 -1 
73 23 433 159 115 232 -1 -1 -1 -1 
74 1 431 151 109 237 -1 -1 -1 -1 
75 1 431 140 103 248 -1 -1 -1 -1 
76 1 431 140 112 249 -1 -1 -1 -1 
77 1 456 147 98 227 -1 -1 -1 -1 
78 1 450 148 114 234 -1 -1 -1 -1 
79 1 476 148 83 124 -1 -1 -1 -1 
80 1 454 147 103 234 -1 -1 -1 -1 
85 25 454 146 97 239 -1 -1 -1 -1 
86 25 443 148 113 236 -1 -1 -1 -1 
87 1 444 150 118 242 -1 -1 -1 -1 
87 25 443 148 113 236 -1 -1 -1 -1 
88 1 462 144 104 244 -1 -1 -1 -1 
89 1 467 146 101 245 -1 -1 -1 -1 
90 1 460 151 103 240 -1 -1 -1 -1 
94 29 432 140 102 263 -1 -1 -1 -1 
95 29 428 146 117 255 -1 -1 -1 -1 
102 35 481 290 136 126 -1 -1 -1 -1 
103 35 481 285 139 116 -1 -1 -1 -1 
104 35 475 281 139 117 -1 -1 -1 -1 
104 36 354 82 162 392 -1 -1 -1 -1 
105 35 458 280 159 120 -1 -1 -1 -1 
105 36 343 93 136 382 -1 -1 -1 -1 
106 35 481 291 129 123 -1 -1 -1 -1 
106 36 326 92 149 382 -1 -1 -1 -1 
107 35 480 295 139 115 -1 -1 -1 -1 
107 36 328 92 147 381 -1 -1 -1 -1 
108 35 488 297 121 105 -1 -1 -1 -1 
108 36 329 93 146 380 -1 -1 -1 -1 
109 35 489 296 150 111 -1 -1 -1 -1 
109 36 327 92 147 382 -1 -1 -1 -1 
110 35 489 296 150 111 -1 -1 -1 -1 
111 36 316 98 159 376 -1 -1 -1 -1 
112 36 313 106 160 366 -1 -1 -1 -1 
113 36 313 99 160 374 -1 -1 -1 -1 
114 36 314 102 160 371 -1 -1 -1 -1 
115 36 337 140 136 334 -1 -1 -1 -1 
116 36 361 136 108 339 -1 -1 -1 -1 
117 36 360 133 109 341 -1 -1 -1 -1 
118 36 361 131 108 341 -1 -1 -1 -1 
119 36 334 66 138 405 -1 -1 -1 -1 
120 36 330 50 140 421 -1 -1 -1 -1 
121 36 325 54 148 418 -1 -1 -1 -1 
121 40 483 294 111 112 -1 -1 -1 -1 
122 36 325 58 147 415 -1 -1 -1 -1 
122 40 484 296 114 111 -1 -1 -1 -1 
123 36 324 67 148 404 -1 -1 -1 -1 
123 40 486 300 149 102 -1 -1 -1 -1 
124 36 313 74 155 397 -1 -1 -1 -1 
124 40 487 303 105 97 -1 -1 -1 -1 
125 36 313 72 154 400 -1 -1 -1 -1 
125 40 487 308 152 94 -1 -1 -1 -1 
126 36 318 70 150 401 -1 -1 -1 -1 
126 40 488 309 151 94 -1 -1 -1 -1 
127 36 318 74 150 396 -1 -1 -1 -1 
127 40 488 308 151 93 -1 -1 -1 -1 
128 36 316 75 149 396 -1 -1 -1 -1 
128 40 488 309 150 93 -1 -1 -1 -1 
129 36 314 76 150 394 -1 -1 -1 -1 
129 40 487 307 152 94 -1 -1 -1 -1 
130 36 315 81 148 389 -1 -1 -1 -1 
130 40 486 306 153 94 -1 -1 -1 -1 
131 36 315 81 148 390 -1 -1 -1 -1 
131 40 485 306 154 95 -1 -1 -1 -1 
132 36 315 79 148 392 -1 -1 -1 -1 
132 40 485 306 154 95 -1 -1 -1 -1 
133 36 313 74 150 397 -1 -1 -1 -1 
134 36 316 81 147 389 -1 -1 -1 -1 
135 36 312 74 151 396 -1 -1 -1 -1 
135 42 481 292 127 117 -1 -1 -1 -1 
136 36 313 76 150 394 -1 -1 -1 -1 
136 42 482 293 127 104 -1 -1 -1 -1 
137 36 313 75 150 396 -1 -1 -1 -1 
137 42 482 293 127 104 -1 -1 -1 -1 
138 36 336 121 125 348 -1 -1 -1 -1 
139 36 355 131 104 337 -1 -1 -1 -1 
139 44 539 99 65 152 -1 -1 -1 -1 
140 36 355 133 115 336 -1 -1 -1 -1 
140 44 535 98 67 154 -1 -1 -1 -1 
140 45 493 273 106 127 -1 -1 -1 -1 
141 36 354 133 118 337 -1 -1 -1 -1 
141 44 535 95 72 170 -1 -1 -1 -1 
141 45 520 284 89 109 -1 -1 -1 -1 
142 36 354 132 117 337 -1 -1 -1 -1 
142 44 534 97 72 161 -1 -1 -1 -1 
142 45 497 288 121 110 -1 -1 -1 -1 
143 36 354 132 118 337 -1 -1 -1 -1 
143 44 537 98 70 154 -1 -1 -1 -1 
143 45 495 280 104 120 -1 -1 -1 -1 
144 36 356 133 117 338 -1 -1 -1 -1 
144 44 537 98 70 154 -1 -1 -1 -1 
145 36 373 150 103 324 -1 -1 -1 -1 
145 45 492 274 93 126 -1 -1 -1 -1 
146 36 377 160 108 315 -1 -1 -1 -1 
146 45 494 278 108 120 -1 -1 -1 -1 
147 36 370 175 163 296 -1 -1 -1 -1 
147 45 494 278 108 120 -1 -1 -1 -1 
148 36 371 178 163 295 -1 -1 -1 -1 
149 36 412 182 120 213 -1 -1 -1 -1 
150 36 373 179 161 287 -1 -1 -1 -1 
150 49 540 101 63 151 -1 -1 -1 -1 
150 50 481 247 100 162 -1 -1 -1 -1 
151 36 376 182 157 282 -1 -1 -1 -1 
151 49 540 101 63 151 -1 -1 -1 -1 
151 50 485 252 98 154 -1 -1 -1 -1 
152 36 407 187 129 206 -1 -1 -1 -1 
152 50 497 264 90 134 -1 -1 -1 -1 
152 51 589 220 50 154 -1 -1 -1 -1 
153 36 374 178 158 294 -1 -1 -1 -1 
153 50 506 282 86 120 -1 -1 -1 -1 
154 36 377 159 112 316 -1 -1 -1 -1 
154 50 506 282 86 120 -1 -1 -1 -1 
155 36 378 150 104 323 -1 -1 -1 -1 
155 52 535 100 68 162 -1 -1 -1 -1 
156 36 354 142 140 320 -1 -1 -1 -1 
156 52 536 100 69 160 -1 -1 -1 -1 
157 36 357 136 134 327 -1 -1 -1 -1 
157 52 537 101 67 163 -1 -1 -1 -1 
158 36 356 138 138 323 -1 -1 -1 -1 
158 52 535 103 67 162 -1 -1 -1 -1 
159 36 357 141 140 320 -1 -1 -1 -1 
159 52 534 104 66 158 -1 -1 -1 -1 
160 36 356 142 142 318 -1 -1 -1 -1 
160 52 529 99 65 155 -1 -1 -1 -1 
161 36 355 143 146 318 -1 -1 -1 -1 
161 45 503 275 88 123 -1 -1 -1 -1 
161 52 524 109 68 156 -1 -1 -1 -1 
162 36 356 144 144 318 -1 -1 -1 -1 
162 45 495 279 95 121 -1 -1 -1 -1 
162 52 524 109 68 156 -1 -1 -1 -1 
163 36 340 135 156 328 -1 -1 -1 -1 
164 36 332 132 167 328 -1 -1 -1 -1 
165 36 332 133 161 329 -1 -1 -1 -1 
166 36 322 121 156 345 -1 -1 -1 -1 
167 36 315 108 163 356 -1 -1 -1 -1 
168 36 317 93 161 373 -1 -1 -1 -1 
169 36 322 82 156 388 -1 -1 -1 -1 
169 57 534 99 65 164 -1 -1 -1 -1 
170 36 328 62 149 408 -1 -1 -1 -1 
170 57 534 105 69 158 -1 -1 -1 -1 
171 36 331 58 147 410 -1 -1 -1 -1 
171 57 550 119 73 143 -1 -1 -1 -1 
171 58 497 287 142 121 -1 -1 -1 -1 
172 36 330 58 150 410 -1 -1 -1 -1 
172 57 582 120 57 137 -1 -1 -1 -1 
172 58 498 292 141 109 -1 -1 -1 -1 
173 36 329 58 152 411 -1 -1 -1 -1 
173 57 582 120 57 137 -1 -1 -1 -1 
174 36 330 62 150 406 -1 -1 -1 -1 
174 58 495 282 139 118 -1 -1 -1 -1 
175 36 331 61 151 407 -1 -1 -1 -1 
175 58 500 282 119 114 -1 -1 -1 -1 
176 36 331 60 151 409 -1 -1 -1 -1 
176 58 494 283 134 114 -1 -1 -1 -1 
177 36 331 61 150 409 -1 -1 -1 -1 
178 36 330 65 147 405 -1 -1 -1 -1 
179 36 315 79 159 392 -1 -1 -1 -1 
180 36 325 82 157 395 -1 -1 -1 -1 
180 58 492 291 113 107 -1 -1 -1 -1 
181 36 314 91 163 387 -1 -1 -1 -1 
181 58 491 281 101 119 -1 -1 -1 -1 
182 36 312 89 165 388 -1 -1 -1 -1 
182 58 493 288 144 132 -1 -1 -1 -1 
183 36 312 91 165 384 -1 -1 -1 -1 
183 58 489 288 147 122 -1 -1 -1 -1 
184 36 307 89 169 387 -1 -1 -1 -1 
184 58 488 288 149 111 -1 -1 -1 -1 
185 36 304 89 172 386 -1 -1 -1 -1 
185 58 492 286 146 118 -1 -1 -1 -1 
186 36 305 92 170 383 -1 -1 -1 -1 
186 58 491 282 148 120 -1 -1 -1 -1 
187 36 303 90 172 386 -1 -1 -1 -1 
187 58 490 284 149 119 -1 -1 -1 -1 
188 36 302 91 172 385 -1 -1 -1 -1 
188 58 490 285 148 115 -1 -1 -1 -1 
189 36 298 86 176 390 -1 -1 -1 -1 
189 58 490 285 148 117 -1 -1 -1 -1 
190 36 298 84 172 392 -1 -1 -1 -1 
190 58 490 286 148 115 -1 -1 -1 -1 
191 36 294 81 174 393 -1 -1 -1 -1 
191 58 489 285 149 115 -1 -1 -1 -1 
192 36 299 86 177 389 -1 -1 -1 -1 
192 58 488 287 141 129 -1 -1 -1 -1 
193 36 301 91 175 385 -1 -1 -1 -1 
193 58 491 265 121 145 -1 -1 -1 -1 
194 36 304 93 171 384 -1 -1 -1 -1 
194 58 475 273 88 124 -1 -1 -1 -1 
195 36 344 163 131 315 -1 -1 -1 -1 
195 58 476 275 86 120 -1 -1 -1 -1 
196 36 351 161 131 313 -1 -1 -1 -1 
196 58 478 276 87 118 -1 -1 -1 -1 
197 36 351 163 136 311 -1 -1 -1 -1 
197 58 486 274 89 122 -1 -1 -1 -1 
198 36 332 92 152 384 -1 -1 -1 -1 
198 58 488 278 84 122 -1 -1 -1 -1 
199 36 336 80 149 398 -1 -1 -1 -1 
199 58 487 275 78 128 -1 -1 -1 -1 
200 36 339 73 146 406 -1 -1 -1 -1 
200 58 483 278 79 121 -1 -1 -1 -1 
201 36 335 71 150 407 -1 -1 -1 -1 
201 58 487 266 90 130 -1 -1 -1 -1 
202 36 338 71 145 407 -1 -1 -1 -1 
202 58 497 289 109 127 -1 -1 -1 -1 
203 36 341 73 144 403 -1 -1 -1 -1 
203 58 502 285 137 147 -1 -1 -1 -1 
204 36 340 71 143 407 -1 -1 -1 -1 
204 58 501 293 137 168 -1 -1 -1 -1 
205 36 339 70 146 409 -1 -1 -1 -1 
205 58 498 293 141 135 -1 -1 -1 -1 
206 36 339 68 145 410 -1 -1 -1 -1 
206 58 496 298 141 148 -1 -1 -1 -1 
207 36 339 69 146 409 -1 -1 -1 -1 
207 58 497 300 139 142 -1 -1 -1 -1 
208 36 341 67 143 410 -1 -1 -1 -1 
208 58 497 306 129 141 -1 -1 -1 -1 
209 36 337 75 147 402 -1 -1 -1 -1 
209 58 497 305 132 137 -1 -1 -1 -1 
210 36 338 77 146 400 -1 -1 -1 -1 
210 58 497 311 112 118 -1 -1 -1 -1 
211 36 337 77 147 400 -1 -1 -1 -1 
211 58 498 304 130 134 -1 -1 -1 -1 
212 36 337 77 147 401 -1 -1 -1 -1 
212 58 499 298 139 126 -1 -1 -1 -1 
213 36 338 76 147 402 -1 -1 -1 -1 
213 58 497 291 142 150 -1 -1 -1 -1 
214 36 357 152 128 324 -1 -1 -1 -1 
214 58 498 301 141 116 -1 -1 -1 -1 
215 36 360 135 102 316 -1 -1 -1 -1 
215 58 496 310 111 132 -1 -1 -1 -1 
216 36 365 133 98 298 -1 -1 -1 -1 
216 58 496 310 111 132 -1 -1 -1 -1 
217 36 366 145 125 316 -1 -1 -1 -1 
218 36 371 144 123 289 -1 -1 -1 -1 
218 65 550 122 76 125 -1 -1 -1 -1 
219 36 372 137 127 294 -1 -1 -1 -1 
220 36 383 150 121 314 -1 -1 -1 -1 
221 36 382 163 150 293 -1 -1 -1 -1 
222 36 391 186 157 240 -1 -1 -1 -1 
223 36 402 188 152 211 -1 -1 -1 -1 
224 36 402 186 145 217 -1 -1 -1 -1 
225 36 411 186 133 212 -1 -1 -1 -1 
228 58 492 291 124 124 -1 -1 -1 -1 
229 58 495 305 127 105 -1 -1 -1 -1 
229 71 387 143 109 317 -1 -1 -1 -1 
230 58 493 306 128 105 -1 -1 -1 -1 
230 71 383 144 113 321 -1 -1 -1 -1 
231 58 491 304 134 110 -1 -1 -1 -1 
231 71 383 146 115 318 -1 -1 -1 -1 
232 58 493 303 141 109 -1 -1 -1 -1 
232 71 385 145 114 320 -1 -1 -1 -1 
233 58 493 303 141 109 -1 -1 -1 -1 
234 71 383 145 115 321 -1 -1 -1 -1 
235 71 382 144 114 324 -1 -1 -1 -1 
236 71 383 143 111 323 -1 -1 -1 -1 
237 71 383 140 109 326 -1 -1 -1 -1 
238 71 384 143 109 321 -1 -1 -1 -1 
239 58 496 296 129 116 -1 -1 -1 -1 
239 71 384 138 105 327 -1 -1 -1 -1 
240 58 496 296 129 116 -1 -1 -1 -1 
241 71 382 139 107 323 -1 -1 -1 -1 
242 71 387 144 126 327 -1 -1 -1 -1 
243 71 372 146 150 327 -1 -1 -1 -1 
244 71 377 143 105 326 -1 -1 -1 -1 
245 71 362 128 131 341 -1 -1 -1 -1 
246 71 357 93 133 386 -1 -1 -1 -1 
246 72 488 281 107 127 -1 -1 -1 -1 
247 71 343 82 136 395 -1 -1 -1 -1 
248 71 351 93 125 383 -1 -1 -1 -1 
249 71 360 97 117 377 -1 -1 -1 -1 
250 71 356 121 126 355 -1 -1 -1 -1 
250 73 494 297 127 107 -1 -1 -1 -1 
251 71 368 144 145 319 -1 -1 -1 -1 
251 73 495 292 105 106 -1 -1 -1 -1 
252 71 371 145 144 314 -1 -1 -1 -1 
252 73 495 292 105 106 -1 -1 -1 -1 
253 71 372 139 142 330 -1 -1 -1 -1 
254 71 355 119 140 293 -1 -1 -1 -1 
255 36 325 112 151 359 -1 -1 -1 -1 
255 71 355 119 140 293 -1 -1 -1 -1 
256 36 323 95 149 382 -1 -1 -1 -1 
256 76 491 300 145 99 -1 -1 -1 -1 
257 36 326 88 148 389 -1 -1 -1 -1 
257 76 493 302 93 98 -1 -1 -1 -1 
258 36 325 89 150 389 -1 -1 -1 -1 
258 76 492 306 93 100 -1 -1 -1 -1 
259 36 321 82 154 396 -1 -1 -1 -1 
259 76 493 302 95 101 -1 -1 -1 -1 
260 36 321 87 154 390 -1 -1 -1 -1 
260 76 492 301 99 106 -1 -1 -1 -1 
261 36 322 86 153 391 -1 -1 -1 -1 
261 76 493 300 115 107 -1 -1 -1 -1 
262 36 323 83 152 394 -1 -1 -1 -1 
262 76 494 305 98 99 -1 -1 -1 -1 
263 36 322 79 152 400 -1 -1 -1 -1 
263 76 493 305 104 106 -1 -1 -1 -1 
264 36 324 76 150 403 -1 -1 -1 -1 
264 76 494 304 130 110 -1 -1 -1 -1 
265 36 323 77 151 401 -1 -1 -1 -1 
265 76 495 297 144 119 -1 -1 -1 -1 
266 36 323 77 151 401 -1 -1 -1 -1 
266 76 493 295 146 123 -1 -1 -1 -1 
267 36 323 80 151 397 -1 -1 -1 -1 
267 76 493 294 146 123 -1 -1 -1 -1 
268 36 323 79 151 399 -1 -1 -1 -1 
268 76 493 294 146 124 -1 -1 -1 -1 
269 36 323 81 151 397 -1 -1 -1 -1 
269 76 493 293 146 123 -1 -1 -1 -1 
270 36 322 86 151 391 -1 -1 -1 -1 
270 76 493 293 146 124 -1 -1 -1 -1 
271 36 323 85 151 394 -1 -1 -1 -1 
271 76 493 292 146 127 -1 -1 -1 -1 
272 36 322 85 152 393 -1 -1 -1 -1 
272 76 493 293 146 125 -1 -1 -1 -1 
273 36 323 88 151 389 -1 -1 -1 -1 
273 76 493 290 146 126 -1 -1 -1 -1 
274 36 321 85 153 393 -1 -1 -1 -1 
274 76 493 292 146 123 -1 -1 -1 -1 
275 36 319 92 154 384 -1 -1 -1 -1 
275 76 492 299 146 107 -1 -1 -1 -1 
276 36 319 89 154 387 -1 -1 -1 -1 
276 76 494 298 144 104 -1 -1 -1 -1 
277 36 317 90 156 385 -1 -1 -1 -1 
277 76 496 306 137 101 -1 -1 -1 -1 
278 36 320 97 151 380 -1 -1 -1 -1 
278 76 494 304 145 98 -1 -1 -1 -1 
279 36 327 90 149 387 -1 -1 -1 -1 
279 76 493 309 139 99 -1 -1 -1 -1 
280 36 337 93 139 385 -1 -1 -1 -1 
280 76 492 306 143 105 -1 -1 -1 -1 
281 36 334 92 143 385 -1 -1 -1 -1 
281 76 494 302 98 102 -1 -1 -1 -1 
282 36 339 87 146 389 -1 -1 -1 -1 
282 76 497 291 142 107 -1 -1 -1 -1 
283 36 340 82 142 394 -1 -1 -1 -1 
284 36 337 85 143 389 -1 -1 -1 -1 
285 36 336 82 147 393 -1 -1 -1 -1 
286 36 338 82 146 393 -1 -1 -1 -1 
287 36 334 85 149 389 -1 -1 -1 -1 
288 36 335 83 148 391 -1 -1 -1 -1 
289 36 335 81 148 394 -1 -1 -1 -1 
289 76 498 301 141 96 -1 -1 -1 -1 
290 36 336 81 147 395 -1 -1 -1 -1 
290 76 498 306 141 91 -1 -1 -1 -1 
291 36 334 81 149 395 -1 -1 -1 -1 
291 76 498 309 141 88 -1 -1 -1 -1 
292 36 335 81 147 394 -1 -1 -1 -1 
292 76 498 312 139 84 -1 -1 -1 -1 
293 36 335 80 149 395 -1 -1 -1 -1 
293 76 498 311 140 85 -1 -1 -1 -1 
294 36 340 83 146 390 -1 -1 -1 -1 
294 76 497 314 140 83 -1 -1 -1 -1 
295 36 343 92 150 381 -1 -1 -1 -1 
295 76 497 312 141 85 -1 -1 -1 -1 
296 36 352 147 140 324 -1 -1 -1 -1 
296 76 500 317 123 82 -1 -1 -1 -1 
297 36 386 158 113 311 -1 -1 -1 -1 
298 36 364 152 144 316 -1 -1 -1 -1 
299 36 381 126 96 300 -1 -1 -1 -1 
300 36 382 119 96 308 -1 -1 -1 -1 
301 36 378 138 111 293 -1 -1 -1 -1 
302 36 383 155 126 280 -1 -1 -1 -1 
303 36 393 158 120 263 -1 -1 -1 -1 
304 36 394 162 120 243 -1 -1 -1 -1 
304 83 548 95 59 161 -1 -1 -1 -1 
305 36 397 164 120 234 -1 -1 -1 -1 
305 83 517 87 69 178 -1 -1 -1 -1 
306 36 414 155 106 235 -1 -1 -1 -1 
306 83 515 88 59 155 -1 -1 -1 -1 
307 36 428 135 89 252 -1 -1 -1 -1 
307 83 506 93 61 145 -1 -1 -1 -1 
307 86 495 281 138 118 -1 -1 -1 -1 
308 36 427 149 110 240 -1 -1 -1 -1 
308 83 518 82 51 164 -1 -1 -1 -1 
308 86 492 257 98 147 -1 -1 -1 -1 
309 36 428 139 100 249 -1 -1 -1 -1 
309 83 514 75 54 171 -1 -1 -1 -1 
310 36 428 139 100 249 -1 -1 -1 -1 
317 89 467 178 131 155 -1 -1 -1 -1 
321 91 445 163 127 227 -1 -1 -1 -1 
322 91 445 163 127 227 -1 -1 -1 -1 
323 92 468 175 128 208 -1 -1 -1 -1 
324 92 468 175 128 208 -1 -1 -1 -1 
331 96 438 148 117 241 -1 -1 -1 -1 
332 96 435 150 121 234 -1 -1 -1 -1 
332 97 527 301 111 94 -1 -1 -1 -1 
333 96 447 153 110 218 -1 -1 -1 -1 
333 97 523 294 109 102 -1 -1 -1 -1 
334 96 447 153 110 218 -1 -1 -1 -1 
335 97 521 292 118 104 -1 -1 -1 -1 
336 97 537 292 99 99 -1 -1 -1 -1 
337 97 536 292 93 100 -1 -1 -1 -1 
338 97 537 289 90 103 -1 -1 -1 -1 
339 97 536 291 100 102 -1 -1 -1 -1 
341 97 538 295 95 97 -1 -1 -1 -1 
342 97 537 289 91 103 -1 -1 -1 -1 
343 97 537 289 90 101 -1 -1 -1 -1 
344 97 537 285 90 103 -1 -1 -1 -1 
345 97 537 287 92 102 -1 -1 -1 -1 
365 100 479 288 160 120 -1 -1 -1 -1 
366 100 479 288 160 120 -1 -1 -1 -1 
367 103 354 93 152 299 -1 -1 -1 -1 
368 103 354 92 152 300 -1 -1 -1 -1 
369 100 475 286 164 123 -1 -1 -1 -1 
369 103 356 98 149 290 -1 -1 -1 -1 
370 100 475 286 164 123 -1 -1 -1 -1 
371 103 358 103 146 284 -1 -1 -1 -1 
372 103 356 101 149 297 -1 -1 -1 -1 
373 103 407 139 104 252 -1 -1 -1 -1 
373 104 511 269 87 129 -1 -1 -1 -1 
374 103 418 147 107 247 -1 -1 -1 -1 
374 104 511 269 87 129 -1 -1 -1 -1 
375 103 423 161 127 236 -1 -1 -1 -1 
376 103 418 165 114 222 -1 -1 -1 -1 
377 103 436 206 137 192 -1 -1 -1 -1 
377 106 504 289 125 107 -1 -1 -1 -1 
382 109 433 150 137 248 -1 -1 -1 -1 
383 109 497 219 91 176 -1 -1 -1 -1 
387 114 466 149 83 126 -1 -1 -1 -1 
388 114 465 149 85 130 -1 -1 -1 -1 
389 114 464 149 86 131 -1 -1 -1 -1 
390 114 461 150 87 135 -1 -1 -1 -1 
391 114 461 150 87 134 -1 -1 -1 -1 
392 114 462 151 87 131 -1 -1 -1 -1 
392 116 587 207 52 166 -1 -1 -1 -1 
393 114 456 151 98 231 -1 -1 -1 -1 
394 114 465 151 90 127 -1 -1 -1 -1 
395 114 461 152 88 124 -1 -1 -1 -1 
396 114 438 152 111 138 -1 -1 -1 -1 
397 114 449 153 100 124 -1 -1 -1 -1 
398 114 449 153 104 222 -1 -1 -1 -1 
399 114 457 153 94 110 -1 -1 -1 -1 
400 114 459 153 92 111 -1 -1 -1 -1 
401 114 450 152 104 224 -1 -1 -1 -1 
402 114 462 153 91 115 -1 -1 -1 -1 
403 114 461 153 93 118 -1 -1 -1 -1 
404 114 449 152 105 220 -1 -1 -1 -1 
405 114 448 152 106 133 -1 -1 -1 -1 
406 114 462 152 89 124 -1 -1 -1 -1 
407 114 465 152 84 122 -1 -1 -1 -1 
408 114 464 153 87 120 -1 -1 -1 -1 
419 114 474 145 84 126 -1 -1 -1 -1 
420 114 460 147 93 229 -1 -1 -1 -1 
421 114 459 146 93 234 -1 -1 -1 -1 
