6 4 464 280 92 119 -1 -1 -1 -1 
6 5 564 306 75 99 -1 -1 -1 -1 
7 4 465 279 91 121 -1 -1 -1 -1 
7 5 564 300 75 110 -1 -1 -1 -1 
8 4 466 279 91 120 -1 -1 -1 -1 
8 5 564 307 74 98 -1 -1 -1 -1 
9 4 466 280 90 119 -1 -1 -1 -1 
9 5 565 305 74 102 -1 -1 -1 -1 
10 4 466 283 86 113 -1 -1 -1 -1 
10 5 565 308 73 98 -1 -1 -1 -1 
11 4 465 283 87 114 -1 -1 -1 -1 
12 4 465 285 85 111 -1 -1 -1 -1 
13 4 465 284 87 111 -1 -1 -1 -1 
14 4 466 282 92 117 -1 -1 -1 -1 
14 5 565 308 72 92 -1 -1 -1 -1 
15 4 467 280 96 123 -1 -1 -1 -1 
15 5 565 307 69 90 -1 -1 -1 -1 
15 7 576 131 63 123 -1 -1 -1 -1 
16 4 467 279 98 126 -1 -1 -1 -1 
16 5 565 307 69 88 -1 -1 -1 -1 
16 7 565 127 65 104 -1 -1 -1 -1 
17 4 467 279 96 123 -1 -1 -1 -1 
17 5 565 307 70 91 -1 -1 -1 -1 
17 7 556 120 64 108 -1 -1 -1 -1 
18 4 467 280 95 123 -1 -1 -1 -1 
18 5 565 307 70 91 -1 -1 -1 -1 
18 7 546 118 73 129 -1 -1 -1 -1 
19 4 466 279 96 123 -1 -1 -1 -1 
19 5 564 308 69 89 -1 -1 -1 -1 
19 7 538 120 83 158 -1 -1 -1 -1 
20 4 466 280 99 125 -1 -1 -1 -1 
20 5 565 307 66 87 -1 -1 -1 -1 
20 7 536 124 89 149 -1 -1 -1 -1 
21 4 466 281 99 125 -1 -1 -1 -1 
21 5 565 308 68 87 -1 -1 -1 -1 
21 7 536 120 93 135 -1 -1 -1 -1 
22 4 466 280 99 126 -1 -1 -1 -1 
22 5 565 307 68 91 -1 -1 -1 -1 
22 7 535 119 97 139 -1 -1 -1 -1 
23 4 466 280 99 125 -1 -1 -1 -1 
23 5 565 307 69 91 -1 -1 -1 -1 
23 7 537 123 99 135 -1 -1 -1 -1 
24 4 466 277 99 127 -1 -1 -1 -1 
24 5 565 308 68 89 -1 -1 -1 -1 
24 7 541 129 98 128 -1 -1 -1 -1 
25 4 466 278 99 126 -1 -1 -1 -1 
25 5 565 308 70 91 -1 -1 -1 -1 
25 7 543 135 79 117 -1 -1 -1 -1 
26 4 466 282 98 119 -1 -1 -1 -1 
26 5 565 307 71 93 -1 -1 -1 -1 
26 7 545 146 76 103 -1 -1 -1 -1 
27 4 465 277 101 127 -1 -1 -1 -1 
27 5 565 307 71 93 -1 -1 -1 -1 
27 7 545 152 84 102 -1 -1 -1 -1 
28 4 465 275 100 128 -1 -1 -1 -1 
28 5 565 308 71 97 -1 -1 -1 -1 
28 7 545 154 92 107 -1 -1 -1 -1 
29 4 465 275 100 127 -1 -1 -1 -1 
29 5 565 308 73 100 -1 -1 -1 -1 
29 7 547 153 91 106 -1 -1 -1 -1 
29 12 494 166 41 46 -1 -1 -1 -1 
30 4 465 276 100 125 -1 -1 -1 -1 
30 5 564 307 75 105 -1 -1 -1 -1 
30 7 549 153 77 105 -1 -1 -1 -1 
30 12 494 165 42 46 -1 -1 -1 -1 
31 4 466 288 93 105 -1 -1 -1 -1 
31 5 565 308 72 96 -1 -1 -1 -1 
31 7 545 154 93 107 -1 -1 -1 -1 
31 12 494 163 42 48 -1 -1 -1 -1 
32 4 466 278 91 119 -1 -1 -1 -1 
32 5 562 308 71 91 -1 -1 -1 -1 
32 7 544 156 95 105 -1 -1 -1 -1 
32 12 493 161 44 49 -1 -1 -1 -1 
33 4 466 282 88 114 -1 -1 -1 -1 
33 5 559 308 72 98 -1 -1 -1 -1 
33 7 543 165 96 97 -1 -1 -1 -1 
33 12 492 159 47 51 -1 -1 -1 -1 
34 4 465 283 58 103 -1 -1 -1 -1 
34 5 558 308 73 94 -1 -1 -1 -1 
34 7 542 166 97 98 -1 -1 -1 -1 
35 4 466 282 87 112 -1 -1 -1 -1 
35 5 559 309 74 95 -1 -1 -1 -1 
35 7 542 171 95 92 -1 -1 -1 -1 
36 4 466 281 88 114 -1 -1 -1 -1 
36 5 560 307 72 97 -1 -1 -1 -1 
36 7 543 174 95 88 -1 -1 -1 -1 
37 4 467 277 90 122 -1 -1 -1 -1 
37 5 560 307 74 99 -1 -1 -1 -1 
37 7 544 175 92 88 -1 -1 -1 -1 
37 14 488 152 58 60 -1 -1 -1 -1 
38 4 468 278 89 120 -1 -1 -1 -1 
38 5 562 307 74 98 -1 -1 -1 -1 
38 7 543 177 90 87 -1 -1 -1 -1 
38 14 488 152 58 61 -1 -1 -1 -1 
39 4 467 278 89 120 -1 -1 -1 -1 
39 5 562 308 72 95 -1 -1 -1 -1 
39 7 543 177 90 87 -1 -1 -1 -1 
40 4 465 282 70 106 -1 -1 -1 -1 
40 5 563 308 73 95 -1 -1 -1 -1 
40 7 544 174 93 85 -1 -1 -1 -1 
40 14 487 152 58 60 -1 -1 -1 -1 
41 4 468 279 88 122 -1 -1 -1 -1 
41 5 562 308 75 97 -1 -1 -1 -1 
41 7 544 174 93 85 -1 -1 -1 -1 
42 4 469 279 88 121 -1 -1 -1 -1 
42 5 563 308 74 94 -1 -1 -1 -1 
42 14 487 152 55 60 -1 -1 -1 -1 
43 4 465 284 89 116 -1 -1 -1 -1 
43 5 563 308 74 94 -1 -1 -1 -1 
44 4 465 285 60 100 -1 -1 -1 -1 
44 14 485 151 57 62 -1 -1 -1 -1 
45 4 465 284 60 101 -1 -1 -1 -1 
45 14 486 151 56 62 -1 -1 -1 -1 
46 4 465 284 61 101 -1 -1 -1 -1 
46 14 486 151 56 62 -1 -1 -1 -1 
46 16 518 259 39 80 -1 -1 -1 -1 
47 4 465 285 88 114 -1 -1 -1 -1 
47 5 562 308 76 103 -1 -1 -1 -1 
47 14 486 151 55 62 -1 -1 -1 -1 
47 16 518 259 39 80 -1 -1 -1 -1 
48 4 465 285 89 117 -1 -1 -1 -1 
48 5 562 308 76 103 -1 -1 -1 -1 
48 14 485 151 57 62 -1 -1 -1 -1 
49 4 465 287 88 115 -1 -1 -1 -1 
49 14 486 151 55 63 -1 -1 -1 -1 
49 17 548 165 80 99 -1 -1 -1 -1 
50 4 464 285 57 100 -1 -1 -1 -1 
50 14 485 152 57 61 -1 -1 -1 -1 
50 17 541 156 85 111 -1 -1 -1 -1 
51 4 465 288 88 116 -1 -1 -1 -1 
51 14 485 152 56 61 -1 -1 -1 -1 
51 17 542 155 88 117 -1 -1 -1 -1 
52 4 465 285 55 99 -1 -1 -1 -1 
52 14 485 152 55 61 -1 -1 -1 -1 
52 17 542 155 78 120 -1 -1 -1 -1 
53 4 465 284 58 101 -1 -1 -1 -1 
53 14 486 152 55 60 -1 -1 -1 -1 
53 17 540 156 76 123 -1 -1 -1 -1 
54 4 465 284 57 101 -1 -1 -1 -1 
54 14 486 152 55 61 -1 -1 -1 -1 
54 17 539 155 68 124 -1 -1 -1 -1 
55 4 465 282 90 116 -1 -1 -1 -1 
55 14 486 152 55 61 -1 -1 -1 -1 
55 17 538 157 67 123 -1 -1 -1 -1 
56 4 465 284 58 101 -1 -1 -1 -1 
56 14 486 152 55 61 -1 -1 -1 -1 
56 17 538 157 67 103 -1 -1 -1 -1 
57 4 466 282 88 115 -1 -1 -1 -1 
57 14 486 152 55 61 -1 -1 -1 -1 
57 17 539 156 72 112 -1 -1 -1 -1 
58 4 466 281 89 118 -1 -1 -1 -1 
58 14 486 152 54 61 -1 -1 -1 -1 
58 17 540 157 69 109 -1 -1 -1 -1 
59 4 466 281 89 118 -1 -1 -1 -1 
59 14 486 152 55 61 -1 -1 -1 -1 
59 17 540 157 78 114 -1 -1 -1 -1 
60 4 467 279 90 124 -1 -1 -1 -1 
60 14 486 152 55 61 -1 -1 -1 -1 
60 17 539 157 70 115 -1 -1 -1 -1 
61 4 466 284 89 117 -1 -1 -1 -1 
61 14 486 152 55 60 -1 -1 -1 -1 
61 17 539 155 95 114 -1 -1 -1 -1 
62 4 464 285 52 99 -1 -1 -1 -1 
62 14 485 152 57 61 -1 -1 -1 -1 
62 17 540 152 92 127 -1 -1 -1 -1 
63 4 465 285 49 97 -1 -1 -1 -1 
63 14 486 152 59 61 -1 -1 -1 -1 
63 17 542 154 92 115 -1 -1 -1 -1 
64 4 465 285 49 97 -1 -1 -1 -1 
64 14 486 151 56 61 -1 -1 -1 -1 
64 17 539 144 100 129 -1 -1 -1 -1 
64 20 469 279 90 125 -1 -1 -1 -1 
65 4 465 285 49 96 -1 -1 -1 -1 
65 14 486 151 55 62 -1 -1 -1 -1 
65 17 540 142 98 132 -1 -1 -1 -1 
65 20 469 279 90 124 -1 -1 -1 -1 
66 4 465 284 49 97 -1 -1 -1 -1 
66 14 486 151 54 62 -1 -1 -1 -1 
66 17 540 144 97 130 -1 -1 -1 -1 
66 20 469 279 91 124 -1 -1 -1 -1 
67 4 465 285 50 95 -1 -1 -1 -1 
67 14 486 151 54 62 -1 -1 -1 -1 
67 17 548 142 91 124 -1 -1 -1 -1 
67 20 468 279 93 127 -1 -1 -1 -1 
68 4 465 284 49 97 -1 -1 -1 -1 
68 14 486 151 55 62 -1 -1 -1 -1 
68 17 555 142 83 119 -1 -1 -1 -1 
68 20 469 279 92 126 -1 -1 -1 -1 
69 4 465 284 50 98 -1 -1 -1 -1 
69 14 486 151 55 62 -1 -1 -1 -1 
69 17 553 142 85 122 -1 -1 -1 -1 
69 20 468 279 91 123 -1 -1 -1 -1 
70 4 465 284 49 98 -1 -1 -1 -1 
70 14 486 151 54 61 -1 -1 -1 -1 
70 17 555 144 82 105 -1 -1 -1 -1 
70 20 468 278 91 122 -1 -1 -1 -1 
71 4 466 281 90 116 -1 -1 -1 -1 
71 14 486 151 54 62 -1 -1 -1 -1 
71 17 558 142 77 104 -1 -1 -1 -1 
71 20 468 278 91 122 -1 -1 -1 -1 
72 4 465 284 60 101 -1 -1 -1 -1 
72 14 486 151 54 61 -1 -1 -1 -1 
72 17 566 141 72 88 -1 -1 -1 -1 
73 4 466 284 90 117 -1 -1 -1 -1 
73 14 486 151 55 61 -1 -1 -1 -1 
73 17 568 141 70 92 -1 -1 -1 -1 
74 4 465 284 91 114 -1 -1 -1 -1 
74 14 486 151 55 61 -1 -1 -1 -1 
74 17 569 141 70 91 -1 -1 -1 -1 
75 4 466 283 92 115 -1 -1 -1 -1 
75 14 486 151 55 61 -1 -1 -1 -1 
75 17 567 142 71 90 -1 -1 -1 -1 
76 4 465 285 48 97 -1 -1 -1 -1 
76 14 486 152 55 60 -1 -1 -1 -1 
76 17 567 145 69 82 -1 -1 -1 -1 
76 20 468 279 92 125 -1 -1 -1 -1 
77 4 464 284 50 98 -1 -1 -1 -1 
77 14 486 152 55 60 -1 -1 -1 -1 
77 17 555 147 80 79 -1 -1 -1 -1 
77 20 468 280 92 124 -1 -1 -1 -1 
78 4 464 284 50 98 -1 -1 -1 -1 
78 14 485 151 56 61 -1 -1 -1 -1 
78 17 554 147 79 88 -1 -1 -1 -1 
78 20 469 279 91 127 -1 -1 -1 -1 
79 4 464 284 50 98 -1 -1 -1 -1 
79 14 485 150 55 62 -1 -1 -1 -1 
79 17 553 146 72 115 -1 -1 -1 -1 
79 20 468 279 92 127 -1 -1 -1 -1 
80 4 465 284 49 97 -1 -1 -1 -1 
80 14 485 150 53 61 -1 -1 -1 -1 
80 17 555 145 65 111 -1 -1 -1 -1 
80 20 469 280 91 124 -1 -1 -1 -1 
81 4 464 284 51 97 -1 -1 -1 -1 
81 14 485 150 53 61 -1 -1 -1 -1 
81 17 543 148 73 120 -1 -1 -1 -1 
81 20 469 280 89 120 -1 -1 -1 -1 
82 4 464 285 50 97 -1 -1 -1 -1 
82 14 485 150 53 61 -1 -1 -1 -1 
82 17 540 151 82 125 -1 -1 -1 -1 
82 20 468 280 91 122 -1 -1 -1 -1 
83 4 464 285 50 97 -1 -1 -1 -1 
83 17 539 144 81 141 -1 -1 -1 -1 
83 20 468 280 92 121 -1 -1 -1 -1 
83 23 560 313 73 116 -1 -1 -1 -1 
84 4 467 283 90 117 -1 -1 -1 -1 
84 17 537 146 78 138 -1 -1 -1 -1 
84 20 468 280 92 121 -1 -1 -1 -1 
85 4 464 284 51 98 -1 -1 -1 -1 
85 17 534 145 82 135 -1 -1 -1 -1 
85 20 469 281 89 121 -1 -1 -1 -1 
85 23 559 307 71 106 -1 -1 -1 -1 
86 4 465 284 61 103 -1 -1 -1 -1 
86 17 531 144 89 137 -1 -1 -1 -1 
86 20 469 281 89 121 -1 -1 -1 -1 
86 23 559 309 73 106 -1 -1 -1 -1 
87 4 465 284 54 100 -1 -1 -1 -1 
87 17 535 141 86 139 -1 -1 -1 -1 
87 20 472 295 86 109 -1 -1 -1 -1 
87 23 559 309 73 106 -1 -1 -1 -1 
88 4 465 284 56 101 -1 -1 -1 -1 
88 17 539 136 81 142 -1 -1 -1 -1 
88 20 472 295 86 109 -1 -1 -1 -1 
88 25 528 90 56 116 -1 -1 -1 -1 
89 4 466 285 81 110 -1 -1 -1 -1 
89 17 543 132 75 138 -1 -1 -1 -1 
89 25 524 88 53 175 -1 -1 -1 -1 
90 4 466 282 92 120 -1 -1 -1 -1 
90 17 551 132 63 139 -1 -1 -1 -1 
90 25 527 86 44 180 -1 -1 -1 -1 
90 28 586 104 53 152 -1 -1 -1 -1 
91 4 467 280 93 123 -1 -1 -1 -1 
91 17 538 129 83 150 -1 -1 -1 -1 
91 25 523 81 41 134 -1 -1 -1 -1 
91 28 586 104 53 152 -1 -1 -1 -1 
92 4 468 280 92 123 -1 -1 -1 -1 
92 17 538 129 83 150 -1 -1 -1 -1 
92 25 512 78 47 134 -1 -1 -1 -1 
93 4 464 285 51 98 -1 -1 -1 -1 
93 20 468 279 93 126 -1 -1 -1 -1 
93 25 489 74 60 97 -1 -1 -1 -1 
93 29 485 153 59 60 -1 -1 -1 -1 
94 4 464 285 52 99 -1 -1 -1 -1 
94 20 468 280 94 125 -1 -1 -1 -1 
94 25 467 68 65 103 -1 -1 -1 -1 
94 29 488 151 55 62 -1 -1 -1 -1 
95 4 464 285 52 99 -1 -1 -1 -1 
95 20 467 280 93 125 -1 -1 -1 -1 
95 25 434 60 87 138 -1 -1 -1 -1 
95 29 491 152 51 61 -1 -1 -1 -1 
96 20 467 279 93 124 -1 -1 -1 -1 
96 23 561 308 69 104 -1 -1 -1 -1 
96 25 431 56 81 150 -1 -1 -1 -1 
96 29 493 151 51 64 -1 -1 -1 -1 
97 20 467 280 92 123 -1 -1 -1 -1 
97 23 561 308 69 104 -1 -1 -1 -1 
97 25 431 55 76 150 -1 -1 -1 -1 
97 29 491 150 54 66 -1 -1 -1 -1 
98 4 465 284 50 100 -1 -1 -1 -1 
98 20 467 279 94 126 -1 -1 -1 -1 
98 23 560 312 71 100 -1 -1 -1 -1 
98 25 430 54 71 176 -1 -1 -1 -1 
98 29 493 151 53 65 -1 -1 -1 -1 
98 32 541 69 46 173 -1 -1 -1 -1 
99 4 465 284 50 100 -1 -1 -1 -1 
99 20 466 278 94 123 -1 -1 -1 -1 
99 23 559 308 72 107 -1 -1 -1 -1 
99 25 433 51 62 187 -1 -1 -1 -1 
99 29 491 152 62 68 -1 -1 -1 -1 
100 20 463 276 100 123 -1 -1 -1 -1 
100 23 560 307 73 102 -1 -1 -1 -1 
100 25 448 49 41 188 -1 -1 -1 -1 
100 29 491 152 62 68 -1 -1 -1 -1 
101 20 457 274 104 126 -1 -1 -1 -1 
101 23 560 307 73 102 -1 -1 -1 -1 
101 25 448 47 40 190 -1 -1 -1 -1 
102 20 456 277 104 125 -1 -1 -1 -1 
102 23 560 307 72 101 -1 -1 -1 -1 
102 25 447 46 40 192 -1 -1 -1 -1 
102 32 533 82 47 189 -1 -1 -1 -1 
103 20 463 277 97 128 -1 -1 -1 -1 
103 23 560 307 72 101 -1 -1 -1 -1 
103 25 446 47 42 187 -1 -1 -1 -1 
104 20 463 277 97 126 -1 -1 -1 -1 
104 25 447 47 43 192 -1 -1 -1 -1 
104 32 499 116 63 100 -1 -1 -1 -1 
105 20 461 278 99 125 -1 -1 -1 -1 
105 25 449 47 49 192 -1 -1 -1 -1 
106 20 459 277 101 128 -1 -1 -1 -1 
106 25 452 48 47 156 -1 -1 -1 -1 
107 20 456 279 105 126 -1 -1 -1 -1 
107 25 454 50 48 170 -1 -1 -1 -1 
108 20 456 278 105 121 -1 -1 -1 -1 
109 20 454 280 107 118 -1 -1 -1 -1 
110 20 453 279 107 120 -1 -1 -1 -1 
111 20 457 281 104 119 -1 -1 -1 -1 
112 20 458 279 102 122 -1 -1 -1 -1 
112 33 456 61 60 179 -1 -1 -1 -1 
113 20 459 279 101 121 -1 -1 -1 -1 
113 33 458 61 58 176 -1 -1 -1 -1 
114 20 459 281 101 119 -1 -1 -1 -1 
114 23 560 307 77 108 -1 -1 -1 -1 
114 33 456 61 59 177 -1 -1 -1 -1 
115 20 459 280 101 121 -1 -1 -1 -1 
115 23 560 307 77 108 -1 -1 -1 -1 
116 20 460 279 100 122 -1 -1 -1 -1 
116 33 459 57 52 156 -1 -1 -1 -1 
117 20 459 278 100 122 -1 -1 -1 -1 
117 33 444 53 60 184 -1 -1 -1 -1 
118 20 456 277 103 123 -1 -1 -1 -1 
118 33 435 52 65 186 -1 -1 -1 -1 
119 20 458 278 101 122 -1 -1 -1 -1 
119 33 439 49 60 194 -1 -1 -1 -1 
120 20 459 277 100 124 -1 -1 -1 -1 
120 33 443 48 56 183 -1 -1 -1 -1 
121 20 460 278 99 127 -1 -1 -1 -1 
121 33 441 49 56 191 -1 -1 -1 -1 
122 20 460 278 99 128 -1 -1 -1 -1 
122 23 560 308 68 99 -1 -1 -1 -1 
122 33 443 49 55 191 -1 -1 -1 -1 
123 20 459 278 101 128 -1 -1 -1 -1 
123 23 560 308 68 99 -1 -1 -1 -1 
124 20 460 279 100 126 -1 -1 -1 -1 
124 33 453 50 55 186 -1 -1 -1 -1 
125 20 458 278 102 128 -1 -1 -1 -1 
125 33 448 52 64 189 -1 -1 -1 -1 
126 20 459 275 101 129 -1 -1 -1 -1 
126 33 459 53 57 150 -1 -1 -1 -1 
127 20 460 266 99 137 -1 -1 -1 -1 
128 20 461 267 99 140 -1 -1 -1 -1 
129 20 462 266 97 137 -1 -1 -1 -1 
130 20 462 265 98 138 -1 -1 -1 -1 
130 36 477 61 49 144 -1 -1 -1 -1 
131 20 462 266 98 140 -1 -1 -1 -1 
131 36 478 64 63 148 -1 -1 -1 -1 
132 20 462 267 98 137 -1 -1 -1 -1 
133 20 462 267 98 139 -1 -1 -1 -1 
134 20 462 267 98 139 -1 -1 -1 -1 
135 20 462 269 98 136 -1 -1 -1 -1 
136 20 463 269 97 135 -1 -1 -1 -1 
137 20 461 273 100 137 -1 -1 -1 -1 
138 20 460 278 101 133 -1 -1 -1 -1 
138 39 517 88 58 116 -1 -1 -1 -1 
139 20 458 276 103 133 -1 -1 -1 -1 
139 39 518 87 56 108 -1 -1 -1 -1 
139 40 487 156 48 56 -1 -1 -1 -1 
140 20 456 276 105 132 -1 -1 -1 -1 
140 39 499 84 67 125 -1 -1 -1 -1 
140 40 487 156 49 56 -1 -1 -1 -1 
141 20 460 280 101 130 -1 -1 -1 -1 
141 39 499 84 67 125 -1 -1 -1 -1 
142 20 460 279 99 120 -1 -1 -1 -1 
142 40 502 163 38 51 -1 -1 -1 -1 
143 20 464 277 97 124 -1 -1 -1 -1 
143 40 503 160 39 53 -1 -1 -1 -1 
144 20 461 277 98 128 -1 -1 -1 -1 
144 40 493 153 52 60 -1 -1 -1 -1 
144 41 428 63 94 139 -1 -1 -1 -1 
145 20 453 274 107 133 -1 -1 -1 -1 
145 40 492 152 56 62 -1 -1 -1 -1 
145 41 428 60 93 142 -1 -1 -1 -1 
146 20 440 275 119 130 -1 -1 -1 -1 
146 40 492 152 56 62 -1 -1 -1 -1 
147 20 455 273 105 132 -1 -1 -1 -1 
147 41 428 65 93 139 -1 -1 -1 -1 
148 20 455 273 105 131 -1 -1 -1 -1 
148 23 560 307 75 98 -1 -1 -1 -1 
148 41 428 68 93 135 -1 -1 -1 -1 
149 20 456 271 103 133 -1 -1 -1 -1 
149 23 561 306 75 96 -1 -1 -1 -1 
149 41 452 68 71 125 -1 -1 -1 -1 
150 20 455 272 103 130 -1 -1 -1 -1 
150 23 561 306 76 100 -1 -1 -1 -1 
150 41 462 67 65 136 -1 -1 -1 -1 
151 20 455 271 102 131 -1 -1 -1 -1 
151 23 560 307 76 97 -1 -1 -1 -1 
151 41 470 67 64 115 -1 -1 -1 -1 
152 20 456 271 101 133 -1 -1 -1 -1 
152 23 561 306 75 100 -1 -1 -1 -1 
152 41 474 67 60 141 -1 -1 -1 -1 
152 42 501 161 38 54 -1 -1 -1 -1 
153 20 456 272 101 129 -1 -1 -1 -1 
153 23 561 306 75 100 -1 -1 -1 -1 
154 20 456 271 101 132 -1 -1 -1 -1 
154 42 500 170 40 45 -1 -1 -1 -1 
155 20 456 270 101 134 -1 -1 -1 -1 
155 42 500 170 40 45 -1 -1 -1 -1 
156 20 455 273 102 128 -1 -1 -1 -1 
156 43 482 66 66 140 -1 -1 -1 -1 
157 20 461 274 96 129 -1 -1 -1 -1 
158 20 465 273 93 133 -1 -1 -1 -1 
159 20 465 273 93 130 -1 -1 -1 -1 
160 20 465 274 93 129 -1 -1 -1 -1 
161 20 465 275 94 125 -1 -1 -1 -1 
162 20 465 277 95 126 -1 -1 -1 -1 
163 20 465 278 94 125 -1 -1 -1 -1 
