79 3 453 2 143 320 -1 -1 -1 -1 
80 3 429 1 118 345 -1 -1 -1 -1 
81 3 353 4 140 377 -1 -1 -1 -1 
82 3 338 2 91 376 -1 -1 -1 -1 
83 3 297 8 101 364 -1 -1 -1 -1 
84 3 256 21 128 340 -1 -1 -1 -1 
85 3 221 29 131 330 -1 -1 -1 -1 
86 3 229 30 124 336 -1 -1 -1 -1 
87 3 247 26 101 349 -1 -1 -1 -1 
88 3 258 20 115 391 -1 -1 -1 -1 
89 3 265 14 116 405 -1 -1 -1 -1 
90 3 250 7 176 409 -1 -1 -1 -1 
91 3 272 1 155 415 -1 -1 -1 -1 
92 3 282 3 131 413 -1 -1 -1 -1 
93 3 289 2 135 413 -1 -1 -1 -1 
94 3 298 3 125 411 -1 -1 -1 -1 
95 3 301 2 122 412 -1 -1 -1 -1 
96 3 300 2 123 412 -1 -1 -1 -1 
97 3 298 2 125 412 -1 -1 -1 -1 
98 3 297 4 119 410 -1 -1 -1 -1 
99 3 294 3 120 411 -1 -1 -1 -1 
100 3 289 2 124 414 -1 -1 -1 -1 
101 3 279 1 146 414 -1 -1 -1 -1 
102 3 256 5 170 411 -1 -1 -1 -1 
103 3 246 13 181 403 -1 -1 -1 -1 
104 3 268 1 151 447 -1 -1 -1 -1 
105 3 255 6 170 466 -1 -1 -1 -1 
106 3 249 2 209 477 -1 -1 -1 -1 
107 3 262 0 233 471 -1 -1 -1 -1 
108 3 20 0 473 472 -1 -1 -1 -1 
109 3 3 0 445 471 -1 -1 -1 -1 
110 3 149 41 471 432 -1 -1 -1 -1 
111 3 160 98 474 381 -1 -1 -1 -1 
112 3 130 97 300 379 -1 -1 -1 -1 
113 3 41 0 371 478 -1 -1 -1 -1 
114 3 13 0 377 477 -1 -1 -1 -1 
115 3 6 1 373 477 -1 -1 -1 -1 
115 7 531 360 108 115 -1 -1 -1 -1 
116 3 84 0 324 476 -1 -1 -1 -1 
116 7 525 349 114 126 -1 -1 -1 -1 
117 3 216 9 141 466 -1 -1 -1 -1 
117 7 519 359 120 116 -1 -1 -1 -1 
118 3 229 41 161 436 -1 -1 -1 -1 
118 7 528 363 111 113 -1 -1 -1 -1 
119 3 239 51 96 412 -1 -1 -1 -1 
119 7 525 360 114 116 -1 -1 -1 -1 
119 8 604 359 35 72 -1 -1 -1 -1 
119 9 0 249 54 228 -1 -1 -1 -1 
120 3 239 51 96 412 -1 -1 -1 -1 
120 7 530 366 109 109 -1 -1 -1 -1 
120 8 603 360 36 71 -1 -1 -1 -1 
120 9 0 245 54 233 -1 -1 -1 -1 
121 7 528 354 111 121 -1 -1 -1 -1 
121 8 603 360 36 71 -1 -1 -1 -1 
121 9 0 247 55 231 -1 -1 -1 -1 
122 3 178 61 85 367 -1 -1 -1 -1 
122 7 528 354 111 121 -1 -1 -1 -1 
122 9 0 252 54 226 -1 -1 -1 -1 
123 3 177 60 84 369 -1 -1 -1 -1 
123 7 531 366 108 109 -1 -1 -1 -1 
123 8 604 360 35 72 -1 -1 -1 -1 
123 9 0 250 54 228 -1 -1 -1 -1 
124 3 178 60 84 369 -1 -1 -1 -1 
124 7 531 365 108 110 -1 -1 -1 -1 
124 8 604 360 35 73 -1 -1 -1 -1 
124 9 0 252 54 226 -1 -1 -1 -1 
125 3 174 60 87 369 -1 -1 -1 -1 
125 7 529 366 110 109 -1 -1 -1 -1 
125 8 604 360 35 73 -1 -1 -1 -1 
126 3 163 62 102 368 -1 -1 -1 -1 
126 7 517 356 122 119 -1 -1 -1 -1 
126 8 603 359 35 73 -1 -1 -1 -1 
126 9 0 243 54 235 -1 -1 -1 -1 
127 3 177 57 127 377 -1 -1 -1 -1 
127 7 518 354 121 121 -1 -1 -1 -1 
127 8 604 360 35 72 -1 -1 -1 -1 
127 9 0 245 53 233 -1 -1 -1 -1 
128 3 237 53 78 398 -1 -1 -1 -1 
128 7 518 356 121 119 -1 -1 -1 -1 
128 8 607 372 32 72 -1 -1 -1 -1 
128 9 0 252 54 225 -1 -1 -1 -1 
129 3 237 53 78 398 -1 -1 -1 -1 
129 7 517 356 122 119 -1 -1 -1 -1 
129 8 607 372 32 72 -1 -1 -1 -1 
130 7 520 354 119 121 -1 -1 -1 -1 
130 9 0 251 55 226 -1 -1 -1 -1 
131 7 522 352 117 123 -1 -1 -1 -1 
131 9 0 249 55 228 -1 -1 -1 -1 
131 14 336 51 87 358 -1 -1 -1 -1 
132 7 520 354 119 122 -1 -1 -1 -1 
132 9 0 245 55 232 -1 -1 -1 -1 
132 14 356 53 82 333 -1 -1 -1 -1 
132 15 0 305 57 174 -1 -1 -1 -1 
133 7 524 356 115 120 -1 -1 -1 -1 
133 9 0 250 55 227 -1 -1 -1 -1 
133 14 327 54 83 310 -1 -1 -1 -1 
133 15 0 305 58 174 -1 -1 -1 -1 
134 7 523 352 116 123 -1 -1 -1 -1 
134 9 0 251 54 226 -1 -1 -1 -1 
134 14 327 54 83 310 -1 -1 -1 -1 
134 15 0 305 58 174 -1 -1 -1 -1 
135 7 523 354 116 121 -1 -1 -1 -1 
135 9 0 248 54 229 -1 -1 -1 -1 
135 15 0 305 57 174 -1 -1 -1 -1 
136 7 517 354 122 121 -1 -1 -1 -1 
136 9 0 250 53 227 -1 -1 -1 -1 
136 15 0 305 57 174 -1 -1 -1 -1 
137 7 517 356 122 119 -1 -1 -1 -1 
137 9 0 248 54 229 -1 -1 -1 -1 
137 16 200 65 82 259 -1 -1 -1 -1 
138 7 517 354 122 121 -1 -1 -1 -1 
138 8 607 369 32 75 -1 -1 -1 -1 
138 9 0 239 54 238 -1 -1 -1 -1 
138 16 157 77 84 266 -1 -1 -1 -1 
139 7 530 357 109 118 -1 -1 -1 -1 
139 8 607 369 32 75 -1 -1 -1 -1 
139 9 0 243 58 234 -1 -1 -1 -1 
140 7 528 358 111 117 -1 -1 -1 -1 
140 9 0 245 54 232 -1 -1 -1 -1 
140 16 87 80 82 301 -1 -1 -1 -1 
141 7 529 360 110 115 -1 -1 -1 -1 
141 9 0 249 55 228 -1 -1 -1 -1 
141 16 87 80 78 324 -1 -1 -1 -1 
142 7 528 356 111 119 -1 -1 -1 -1 
142 8 604 361 34 71 -1 -1 -1 -1 
142 9 0 247 55 230 -1 -1 -1 -1 
142 16 92 78 95 357 -1 -1 -1 -1 
143 7 525 357 114 118 -1 -1 -1 -1 
143 8 604 361 34 71 -1 -1 -1 -1 
144 7 525 356 114 119 -1 -1 -1 -1 
144 9 0 252 53 226 -1 -1 -1 -1 
144 16 110 66 102 402 -1 -1 -1 -1 
145 7 523 355 116 120 -1 -1 -1 -1 
145 9 0 252 53 226 -1 -1 -1 -1 
146 7 524 359 115 117 -1 -1 -1 -1 
146 8 607 370 32 74 -1 -1 -1 -1 
146 16 132 60 116 418 -1 -1 -1 -1 
147 7 523 354 116 121 -1 -1 -1 -1 
147 8 607 370 32 74 -1 -1 -1 -1 
147 9 0 248 54 229 -1 -1 -1 -1 
148 7 527 355 112 121 -1 -1 -1 -1 
148 9 0 251 53 226 -1 -1 -1 -1 
149 7 524 358 115 118 -1 -1 -1 -1 
149 8 607 380 32 66 -1 -1 -1 -1 
149 9 0 249 54 228 -1 -1 -1 -1 
149 15 0 305 58 174 -1 -1 -1 -1 
150 7 524 367 115 110 -1 -1 -1 -1 
150 8 607 378 32 68 -1 -1 -1 -1 
150 9 0 247 54 230 -1 -1 -1 -1 
150 15 0 305 58 174 -1 -1 -1 -1 
150 20 390 53 92 421 -1 -1 -1 -1 
151 7 522 371 117 105 -1 -1 -1 -1 
151 8 607 378 32 68 -1 -1 -1 -1 
151 9 0 246 53 231 -1 -1 -1 -1 
151 15 0 305 57 174 -1 -1 -1 -1 
152 7 523 356 116 120 -1 -1 -1 -1 
152 8 605 361 33 71 -1 -1 -1 -1 
152 9 0 251 54 225 -1 -1 -1 -1 
152 15 0 305 57 174 -1 -1 -1 -1 
153 7 517 356 122 120 -1 -1 -1 -1 
153 8 604 361 34 70 -1 -1 -1 -1 
153 9 0 248 53 229 -1 -1 -1 -1 
154 7 516 357 123 118 -1 -1 -1 -1 
154 8 604 361 34 71 -1 -1 -1 -1 
154 9 0 248 53 229 -1 -1 -1 -1 
155 7 520 360 119 116 -1 -1 -1 -1 
155 8 607 369 32 75 -1 -1 -1 -1 
156 7 520 363 119 113 -1 -1 -1 -1 
156 8 607 368 32 76 -1 -1 -1 -1 
156 23 161 52 164 427 -1 -1 -1 -1 
157 7 522 360 117 116 -1 -1 -1 -1 
157 8 607 368 32 76 -1 -1 -1 -1 
157 23 187 70 182 408 -1 -1 -1 -1 
158 7 528 359 111 117 -1 -1 -1 -1 
158 8 607 368 32 76 -1 -1 -1 -1 
158 23 200 57 125 421 -1 -1 -1 -1 
159 7 528 362 111 114 -1 -1 -1 -1 
159 9 0 245 52 233 -1 -1 -1 -1 
159 23 142 57 159 422 -1 -1 -1 -1 
160 7 519 353 120 122 -1 -1 -1 -1 
160 9 0 245 52 233 -1 -1 -1 -1 
161 7 517 353 122 122 -1 -1 -1 -1 
161 9 0 240 53 238 -1 -1 -1 -1 
161 23 205 54 115 421 -1 -1 -1 -1 
162 7 516 353 123 122 -1 -1 -1 -1 
162 8 604 360 34 72 -1 -1 -1 -1 
162 9 0 240 53 238 -1 -1 -1 -1 
163 7 527 357 112 118 -1 -1 -1 -1 
163 8 604 360 34 72 -1 -1 -1 -1 
163 9 0 247 53 231 -1 -1 -1 -1 
164 7 528 357 111 118 -1 -1 -1 -1 
164 9 0 237 54 242 -1 -1 -1 -1 
164 23 196 76 134 400 -1 -1 -1 -1 
165 7 527 358 112 117 -1 -1 -1 -1 
165 8 606 368 33 76 -1 -1 -1 -1 
165 9 0 241 53 237 -1 -1 -1 -1 
165 23 202 70 118 407 -1 -1 -1 -1 
166 7 531 360 108 116 -1 -1 -1 -1 
166 8 606 368 33 76 -1 -1 -1 -1 
167 7 530 363 109 113 -1 -1 -1 -1 
167 9 0 246 54 232 -1 -1 -1 -1 
167 23 157 64 154 413 -1 -1 -1 -1 
168 7 521 359 118 117 -1 -1 -1 -1 
168 8 604 361 34 71 -1 -1 -1 -1 
168 9 0 236 54 243 -1 -1 -1 -1 
168 23 156 68 155 411 -1 -1 -1 -1 
169 7 523 362 116 114 -1 -1 -1 -1 
169 8 604 361 34 71 -1 -1 -1 -1 
169 9 0 250 53 227 -1 -1 -1 -1 
169 23 208 63 217 416 -1 -1 -1 -1 
170 7 522 358 117 117 -1 -1 -1 -1 
170 8 604 361 34 71 -1 -1 -1 -1 
170 9 0 245 55 233 -1 -1 -1 -1 
170 23 205 62 140 417 -1 -1 -1 -1 
171 7 522 361 117 115 -1 -1 -1 -1 
171 8 604 361 34 71 -1 -1 -1 -1 
172 7 521 357 118 118 -1 -1 -1 -1 
172 9 0 247 53 231 -1 -1 -1 -1 
172 23 156 60 152 416 -1 -1 -1 -1 
173 7 526 361 113 115 -1 -1 -1 -1 
173 8 605 360 34 72 -1 -1 -1 -1 
173 9 0 247 53 231 -1 -1 -1 -1 
174 7 521 365 118 111 -1 -1 -1 -1 
174 8 605 360 34 72 -1 -1 -1 -1 
174 9 0 244 54 234 -1 -1 -1 -1 
174 23 202 71 136 407 -1 -1 -1 -1 
175 7 523 364 116 112 -1 -1 -1 -1 
175 9 0 244 54 234 -1 -1 -1 -1 
176 7 522 361 117 114 -1 -1 -1 -1 
176 8 604 360 34 72 -1 -1 -1 -1 
176 9 0 248 53 231 -1 -1 -1 -1 
176 23 160 59 150 417 -1 -1 -1 -1 
177 7 523 358 116 117 -1 -1 -1 -1 
177 8 604 360 34 72 -1 -1 -1 -1 
177 9 0 248 53 231 -1 -1 -1 -1 
178 7 520 359 119 117 -1 -1 -1 -1 
178 8 606 369 33 75 -1 -1 -1 -1 
178 9 0 244 54 234 -1 -1 -1 -1 
178 23 200 72 170 406 -1 -1 -1 -1 
179 7 521 358 118 118 -1 -1 -1 -1 
179 8 606 368 33 76 -1 -1 -1 -1 
179 9 0 245 53 233 -1 -1 -1 -1 
179 23 202 66 118 411 -1 -1 -1 -1 
179 31 157 152 57 57 -1 -1 -1 -1 
180 7 517 359 122 116 -1 -1 -1 -1 
180 8 606 367 33 77 -1 -1 -1 -1 
180 9 0 247 55 231 -1 -1 -1 -1 
180 23 133 65 174 412 -1 -1 -1 -1 
181 7 517 354 122 121 -1 -1 -1 -1 
181 8 608 372 31 73 -1 -1 -1 -1 
181 9 0 244 54 234 -1 -1 -1 -1 
181 23 152 62 118 414 -1 -1 -1 -1 
182 7 520 358 119 117 -1 -1 -1 -1 
182 8 604 361 35 71 -1 -1 -1 -1 
182 9 0 240 54 238 -1 -1 -1 -1 
182 23 169 61 105 403 -1 -1 -1 -1 
183 7 519 358 120 117 -1 -1 -1 -1 
183 8 604 361 35 71 -1 -1 -1 -1 
183 9 0 245 54 233 -1 -1 -1 -1 
183 23 173 61 118 401 -1 -1 -1 -1 
184 7 517 355 122 120 -1 -1 -1 -1 
184 8 604 359 34 73 -1 -1 -1 -1 
184 9 0 256 54 221 -1 -1 -1 -1 
184 23 207 63 131 406 -1 -1 -1 -1 
185 7 517 355 122 120 -1 -1 -1 -1 
185 8 605 366 34 78 -1 -1 -1 -1 
185 9 0 256 54 221 -1 -1 -1 -1 
186 7 513 354 126 121 -1 -1 -1 -1 
186 8 604 360 35 72 -1 -1 -1 -1 
186 9 0 247 53 231 -1 -1 -1 -1 
186 23 210 59 157 419 -1 -1 -1 -1 
186 31 158 153 60 61 -1 -1 -1 -1 
187 7 513 358 126 117 -1 -1 -1 -1 
187 8 604 360 35 72 -1 -1 -1 -1 
187 9 0 247 53 231 -1 -1 -1 -1 
188 7 514 358 125 117 -1 -1 -1 -1 
188 8 605 361 34 71 -1 -1 -1 -1 
188 23 166 66 146 413 -1 -1 -1 -1 
189 7 517 354 122 121 -1 -1 -1 -1 
189 8 607 369 32 76 -1 -1 -1 -1 
189 9 0 247 52 230 -1 -1 -1 -1 
189 23 210 74 180 405 -1 -1 -1 -1 
189 31 157 154 62 55 -1 -1 -1 -1 
190 7 518 353 121 122 -1 -1 -1 -1 
190 8 607 369 32 76 -1 -1 -1 -1 
191 7 522 365 117 111 -1 -1 -1 -1 
191 9 0 247 55 231 -1 -1 -1 -1 
191 23 190 61 132 412 -1 -1 -1 -1 
192 7 522 364 117 112 -1 -1 -1 -1 
192 9 0 250 53 227 -1 -1 -1 -1 
192 23 225 57 124 418 -1 -1 -1 -1 
193 7 522 366 117 110 -1 -1 -1 -1 
193 9 0 248 54 229 -1 -1 -1 -1 
193 23 206 57 131 418 -1 -1 -1 -1 
193 31 158 153 54 66 -1 -1 -1 -1 
194 7 522 364 117 112 -1 -1 -1 -1 
194 8 604 359 34 73 -1 -1 -1 -1 
194 9 0 248 54 229 -1 -1 -1 -1 
195 7 522 366 117 110 -1 -1 -1 -1 
195 8 604 359 34 73 -1 -1 -1 -1 
196 7 522 363 117 113 -1 -1 -1 -1 
196 8 604 360 35 72 -1 -1 -1 -1 
196 9 0 247 53 230 -1 -1 -1 -1 
196 23 218 52 142 422 -1 -1 -1 -1 
196 31 157 154 61 56 -1 -1 -1 -1 
197 7 517 357 122 118 -1 -1 -1 -1 
197 8 605 360 34 72 -1 -1 -1 -1 
197 9 0 247 53 230 -1 -1 -1 -1 
197 23 184 60 135 416 -1 -1 -1 -1 
198 7 524 360 115 115 -1 -1 -1 -1 
198 8 605 360 34 72 -1 -1 -1 -1 
198 23 204 58 100 417 -1 -1 -1 -1 
198 31 158 153 50 64 -1 -1 -1 -1 
199 7 519 357 120 118 -1 -1 -1 -1 
199 8 604 360 35 72 -1 -1 -1 -1 
199 23 160 54 158 422 -1 -1 -1 -1 
200 7 518 357 121 118 -1 -1 -1 -1 
200 8 604 360 35 72 -1 -1 -1 -1 
200 9 0 248 53 228 -1 -1 -1 -1 
200 23 225 54 115 418 -1 -1 -1 -1 
200 31 157 154 62 58 -1 -1 -1 -1 
201 7 516 356 123 119 -1 -1 -1 -1 
201 8 603 359 36 73 -1 -1 -1 -1 
201 9 0 245 54 232 -1 -1 -1 -1 
201 23 198 56 110 420 -1 -1 -1 -1 
202 7 516 354 123 121 -1 -1 -1 -1 
202 8 603 359 36 73 -1 -1 -1 -1 
203 7 514 355 125 120 -1 -1 -1 -1 
203 8 604 360 35 72 -1 -1 -1 -1 
203 23 163 51 156 424 -1 -1 -1 -1 
204 7 518 353 121 122 -1 -1 -1 -1 
204 8 605 361 34 71 -1 -1 -1 -1 
204 9 0 249 54 228 -1 -1 -1 -1 
204 23 205 61 96 400 -1 -1 -1 -1 
205 7 520 355 119 121 -1 -1 -1 -1 
205 8 605 361 34 71 -1 -1 -1 -1 
205 9 0 246 54 232 -1 -1 -1 -1 
206 7 516 353 123 123 -1 -1 -1 -1 
206 8 604 361 35 71 -1 -1 -1 -1 
206 9 0 246 54 232 -1 -1 -1 -1 
206 23 200 57 123 378 -1 -1 -1 -1 
206 31 159 153 60 60 -1 -1 -1 -1 
207 7 524 354 115 121 -1 -1 -1 -1 
207 8 604 360 35 72 -1 -1 -1 -1 
207 9 0 250 55 227 -1 -1 -1 -1 
207 23 207 64 71 372 -1 -1 -1 -1 
207 31 159 153 60 60 -1 -1 -1 -1 
208 7 522 354 117 121 -1 -1 -1 -1 
208 8 604 360 35 72 -1 -1 -1 -1 
208 9 0 250 55 227 -1 -1 -1 -1 
208 23 167 59 141 404 -1 -1 -1 -1 
209 7 527 357 112 118 -1 -1 -1 -1 
209 8 605 359 34 73 -1 -1 -1 -1 
209 9 0 240 51 238 -1 -1 -1 -1 
209 23 167 60 109 414 -1 -1 -1 -1 
209 36 609 379 30 65 -1 -1 -1 -1 
210 7 525 358 114 118 -1 -1 -1 -1 
210 8 605 359 34 73 -1 -1 -1 -1 
210 9 0 240 51 238 -1 -1 -1 -1 
211 7 526 360 113 115 -1 -1 -1 -1 
211 8 604 359 34 73 -1 -1 -1 -1 
211 9 0 250 54 227 -1 -1 -1 -1 
211 23 218 59 125 376 -1 -1 -1 -1 
212 7 520 361 119 115 -1 -1 -1 -1 
212 8 604 360 35 72 -1 -1 -1 -1 
212 9 0 248 52 229 -1 -1 -1 -1 
212 23 222 65 98 404 -1 -1 -1 -1 
212 31 159 154 65 64 -1 -1 -1 -1 
213 7 521 358 118 117 -1 -1 -1 -1 
213 8 603 360 35 72 -1 -1 -1 -1 
213 9 0 248 52 229 -1 -1 -1 -1 
213 23 178 56 114 421 -1 -1 -1 -1 
214 7 523 359 116 116 -1 -1 -1 -1 
214 8 604 361 34 71 -1 -1 -1 -1 
214 9 0 242 54 235 -1 -1 -1 -1 
214 23 215 54 109 411 -1 -1 -1 -1 
215 7 530 364 109 112 -1 -1 -1 -1 
215 8 605 360 34 72 -1 -1 -1 -1 
215 9 0 242 54 235 -1 -1 -1 -1 
215 23 216 60 98 411 -1 -1 -1 -1 
216 7 531 367 108 109 -1 -1 -1 -1 
216 8 604 360 35 72 -1 -1 -1 -1 
216 9 0 244 54 233 -1 -1 -1 -1 
216 23 219 42 97 434 -1 -1 -1 -1 
216 31 157 152 62 63 -1 -1 -1 -1 
217 7 526 366 113 109 -1 -1 -1 -1 
217 8 603 361 36 71 -1 -1 -1 -1 
217 9 0 248 53 229 -1 -1 -1 -1 
217 23 231 47 103 427 -1 -1 -1 -1 
217 31 157 152 62 63 -1 -1 -1 -1 
218 7 526 356 113 119 -1 -1 -1 -1 
218 8 605 362 34 70 -1 -1 -1 -1 
218 9 0 248 54 229 -1 -1 -1 -1 
218 23 223 51 180 424 -1 -1 -1 -1 
219 7 525 359 114 116 -1 -1 -1 -1 
219 8 604 361 35 71 -1 -1 -1 -1 
219 9 0 248 54 229 -1 -1 -1 -1 
219 23 260 68 141 408 -1 -1 -1 -1 
220 7 530 355 109 121 -1 -1 -1 -1 
220 8 604 361 35 71 -1 -1 -1 -1 
220 9 0 251 55 226 -1 -1 -1 -1 
221 7 532 353 107 122 -1 -1 -1 -1 
221 9 0 253 54 224 -1 -1 -1 -1 
221 23 331 48 93 397 -1 -1 -1 -1 
222 7 531 355 108 121 -1 -1 -1 -1 
222 9 0 253 56 224 -1 -1 -1 -1 
222 23 359 49 80 374 -1 -1 -1 -1 
223 7 525 362 114 114 -1 -1 -1 -1 
223 9 0 249 55 228 -1 -1 -1 -1 
223 23 336 48 87 377 -1 -1 -1 -1 
223 40 0 305 56 174 -1 -1 -1 -1 
224 7 526 356 113 120 -1 -1 -1 -1 
224 9 0 249 55 228 -1 -1 -1 -1 
224 23 336 48 87 377 -1 -1 -1 -1 
225 7 523 353 116 122 -1 -1 -1 -1 
225 9 0 250 54 227 -1 -1 -1 -1 
225 23 280 51 114 415 -1 -1 -1 -1 
226 7 522 355 117 120 -1 -1 -1 -1 
226 9 0 247 54 230 -1 -1 -1 -1 
226 23 218 53 183 418 -1 -1 -1 -1 
227 7 523 359 116 117 -1 -1 -1 -1 
227 9 0 248 53 229 -1 -1 -1 -1 
227 23 236 58 133 420 -1 -1 -1 -1 
228 7 531 357 108 118 -1 -1 -1 -1 
228 9 0 242 53 236 -1 -1 -1 -1 
228 23 204 57 90 411 -1 -1 -1 -1 
228 31 157 153 53 66 -1 -1 -1 -1 
229 7 532 359 107 116 -1 -1 -1 -1 
229 9 0 238 53 240 -1 -1 -1 -1 
229 23 190 55 92 424 -1 -1 -1 -1 
230 7 527 356 112 119 -1 -1 -1 -1 
230 8 608 371 31 74 -1 -1 -1 -1 
230 9 0 238 53 240 -1 -1 -1 -1 
231 7 531 358 108 117 -1 -1 -1 -1 
231 8 608 371 31 74 -1 -1 -1 -1 
232 7 527 361 112 115 -1 -1 -1 -1 
232 9 0 248 53 229 -1 -1 -1 -1 
232 23 229 52 110 424 -1 -1 -1 -1 
232 31 159 154 57 59 -1 -1 -1 -1 
233 7 519 358 120 117 -1 -1 -1 -1 
233 8 603 359 36 73 -1 -1 -1 -1 
233 9 0 250 53 227 -1 -1 -1 -1 
233 23 232 54 93 406 -1 -1 -1 -1 
234 7 520 359 119 116 -1 -1 -1 -1 
234 8 603 359 36 73 -1 -1 -1 -1 
234 9 0 251 54 226 -1 -1 -1 -1 
235 7 517 355 122 120 -1 -1 -1 -1 
235 8 603 359 36 73 -1 -1 -1 -1 
235 9 0 245 55 232 -1 -1 -1 -1 
235 23 252 59 96 384 -1 -1 -1 -1 
236 7 532 358 107 117 -1 -1 -1 -1 
236 8 603 359 36 73 -1 -1 -1 -1 
236 9 0 245 54 232 -1 -1 -1 -1 
236 23 258 58 95 377 -1 -1 -1 -1 
237 7 534 358 105 117 -1 -1 -1 -1 
237 9 0 250 55 227 -1 -1 -1 -1 
237 23 244 56 80 388 -1 -1 -1 -1 
237 31 159 155 55 52 -1 -1 -1 -1 
238 7 529 358 110 117 -1 -1 -1 -1 
238 9 0 250 53 226 -1 -1 -1 -1 
238 23 250 53 76 419 -1 -1 -1 -1 
239 7 522 354 117 121 -1 -1 -1 -1 
239 9 0 249 53 228 -1 -1 -1 -1 
239 23 244 44 91 432 -1 -1 -1 -1 
240 7 523 357 116 118 -1 -1 -1 -1 
240 9 0 251 53 226 -1 -1 -1 -1 
240 23 248 42 101 437 -1 -1 -1 -1 
241 7 527 363 112 113 -1 -1 -1 -1 
241 9 0 253 53 223 -1 -1 -1 -1 
241 23 254 42 90 436 -1 -1 -1 -1 
242 7 527 358 112 118 -1 -1 -1 -1 
242 9 0 250 53 226 -1 -1 -1 -1 
242 23 254 42 91 437 -1 -1 -1 -1 
243 7 522 356 117 120 -1 -1 -1 -1 
243 9 0 249 53 228 -1 -1 -1 -1 
243 23 252 43 108 436 -1 -1 -1 -1 
244 7 520 353 119 122 -1 -1 -1 -1 
244 9 0 245 52 232 -1 -1 -1 -1 
244 23 251 43 116 436 -1 -1 -1 -1 
245 7 522 354 117 121 -1 -1 -1 -1 
245 9 0 247 53 230 -1 -1 -1 -1 
245 23 253 44 116 435 -1 -1 -1 -1 
246 7 520 357 119 118 -1 -1 -1 -1 
246 9 0 248 53 229 -1 -1 -1 -1 
246 23 256 41 115 438 -1 -1 -1 -1 
247 7 522 356 117 120 -1 -1 -1 -1 
247 9 0 249 54 227 -1 -1 -1 -1 
247 23 256 0 114 476 -1 -1 -1 -1 
248 7 523 357 116 119 -1 -1 -1 -1 
248 9 0 248 53 229 -1 -1 -1 -1 
248 23 255 43 104 429 -1 -1 -1 -1 
249 7 526 356 113 120 -1 -1 -1 -1 
249 9 0 244 53 233 -1 -1 -1 -1 
249 23 293 38 139 434 -1 -1 -1 -1 
250 7 549 379 89 96 -1 -1 -1 -1 
250 9 0 247 54 230 -1 -1 -1 -1 
250 23 293 38 139 434 -1 -1 -1 -1 
250 40 0 305 59 174 -1 -1 -1 -1 
251 7 528 355 90 122 -1 -1 -1 -1 
251 9 0 250 55 227 -1 -1 -1 -1 
251 40 0 305 59 174 -1 -1 -1 -1 
252 7 533 358 106 118 -1 -1 -1 -1 
252 9 0 248 54 229 -1 -1 -1 -1 
252 40 0 305 59 174 -1 -1 -1 -1 
253 7 533 359 106 116 -1 -1 -1 -1 
253 9 0 248 54 229 -1 -1 -1 -1 
253 40 0 305 59 174 -1 -1 -1 -1 
254 7 524 355 115 120 -1 -1 -1 -1 
254 8 603 360 36 72 -1 -1 -1 -1 
254 9 0 248 55 229 -1 -1 -1 -1 
254 40 0 305 58 174 -1 -1 -1 -1 
255 7 525 355 114 120 -1 -1 -1 -1 
255 8 604 360 35 72 -1 -1 -1 -1 
255 9 0 248 55 229 -1 -1 -1 -1 
255 40 0 305 59 174 -1 -1 -1 -1 
256 7 529 363 109 112 -1 -1 -1 -1 
256 8 603 359 36 72 -1 -1 -1 -1 
256 9 0 249 55 228 -1 -1 -1 -1 
256 40 0 305 59 174 -1 -1 -1 -1 
257 7 524 358 113 118 -1 -1 -1 -1 
257 8 603 360 36 71 -1 -1 -1 -1 
257 9 0 247 54 230 -1 -1 -1 -1 
257 40 0 305 59 174 -1 -1 -1 -1 
258 7 529 360 107 116 -1 -1 -1 -1 
258 8 604 360 35 72 -1 -1 -1 -1 
258 9 0 246 54 231 -1 -1 -1 -1 
258 40 0 305 58 174 -1 -1 -1 -1 
259 7 524 358 115 117 -1 -1 -1 -1 
259 8 608 371 31 72 -1 -1 -1 -1 
259 9 0 247 54 230 -1 -1 -1 -1 
259 40 0 305 59 174 -1 -1 -1 -1 
260 7 520 358 119 118 -1 -1 -1 -1 
260 8 605 360 34 72 -1 -1 -1 -1 
260 9 0 244 53 233 -1 -1 -1 -1 
260 40 0 305 58 174 -1 -1 -1 -1 
261 7 522 357 117 118 -1 -1 -1 -1 
261 8 604 360 34 72 -1 -1 -1 -1 
261 9 0 245 54 232 -1 -1 -1 -1 
261 40 0 305 58 174 -1 -1 -1 -1 
262 7 519 355 120 120 -1 -1 -1 -1 
262 8 604 360 34 72 -1 -1 -1 -1 
262 9 0 251 54 226 -1 -1 -1 -1 
263 7 520 356 119 119 -1 -1 -1 -1 
263 8 606 368 33 76 -1 -1 -1 -1 
263 9 0 250 54 227 -1 -1 -1 -1 
263 40 0 305 58 174 -1 -1 -1 -1 
264 7 518 354 121 121 -1 -1 -1 -1 
264 8 607 369 32 75 -1 -1 -1 -1 
264 9 0 250 54 227 -1 -1 -1 -1 
264 40 0 305 58 174 -1 -1 -1 -1 
265 7 523 355 116 120 -1 -1 -1 -1 
265 8 604 359 35 73 -1 -1 -1 -1 
265 9 0 248 55 229 -1 -1 -1 -1 
265 40 0 306 58 173 -1 -1 -1 -1 
266 7 521 355 118 120 -1 -1 -1 -1 
266 8 604 359 35 73 -1 -1 -1 -1 
266 9 0 248 54 229 -1 -1 -1 -1 
266 40 0 305 58 174 -1 -1 -1 -1 
267 7 520 356 119 119 -1 -1 -1 -1 
267 8 608 371 31 73 -1 -1 -1 -1 
267 9 0 247 54 230 -1 -1 -1 -1 
267 40 0 305 58 174 -1 -1 -1 -1 
268 7 528 355 111 120 -1 -1 -1 -1 
268 8 604 359 35 73 -1 -1 -1 -1 
268 9 0 249 54 228 -1 -1 -1 -1 
268 40 0 305 58 174 -1 -1 -1 -1 
269 7 522 354 117 121 -1 -1 -1 -1 
269 8 603 359 36 73 -1 -1 -1 -1 
269 9 0 248 54 229 -1 -1 -1 -1 
269 40 0 305 59 174 -1 -1 -1 -1 
270 7 526 354 113 121 -1 -1 -1 -1 
270 8 604 359 35 73 -1 -1 -1 -1 
270 9 0 248 54 229 -1 -1 -1 -1 
270 40 0 305 58 174 -1 -1 -1 -1 
271 7 519 355 120 120 -1 -1 -1 -1 
271 8 604 359 35 73 -1 -1 -1 -1 
271 9 0 247 54 230 -1 -1 -1 -1 
272 7 521 359 117 116 -1 -1 -1 -1 
272 9 0 246 54 231 -1 -1 -1 -1 
272 40 0 305 59 174 -1 -1 -1 -1 
273 7 520 358 118 117 -1 -1 -1 -1 
273 8 609 372 30 73 -1 -1 -1 -1 
273 9 0 246 54 231 -1 -1 -1 -1 
273 40 0 305 59 174 -1 -1 -1 -1 
274 7 529 358 110 117 -1 -1 -1 -1 
274 8 604 360 35 72 -1 -1 -1 -1 
274 9 0 249 55 228 -1 -1 -1 -1 
274 40 0 305 58 174 -1 -1 -1 -1 
275 7 530 359 109 116 -1 -1 -1 -1 
275 8 604 360 35 72 -1 -1 -1 -1 
275 9 0 247 54 230 -1 -1 -1 -1 
275 40 0 305 58 174 -1 -1 -1 -1 
276 7 525 355 114 120 -1 -1 -1 -1 
276 8 604 360 35 72 -1 -1 -1 -1 
276 9 0 246 54 231 -1 -1 -1 -1 
277 7 525 355 114 120 -1 -1 -1 -1 
277 9 0 246 54 231 -1 -1 -1 -1 
277 40 0 306 59 173 -1 -1 -1 -1 
278 7 529 357 110 118 -1 -1 -1 -1 
278 9 0 246 55 231 -1 -1 -1 -1 
278 40 0 305 58 174 -1 -1 -1 -1 
279 7 530 359 108 116 -1 -1 -1 -1 
279 9 0 246 55 231 -1 -1 -1 -1 
279 40 0 305 58 174 -1 -1 -1 -1 
280 7 533 358 105 117 -1 -1 -1 -1 
280 8 610 383 29 61 -1 -1 -1 -1 
280 9 0 247 54 230 -1 -1 -1 -1 
280 40 0 305 58 174 -1 -1 -1 -1 
281 7 531 357 108 118 -1 -1 -1 -1 
281 8 610 383 29 61 -1 -1 -1 -1 
281 9 0 246 54 231 -1 -1 -1 -1 
282 7 531 360 108 115 -1 -1 -1 -1 
282 8 604 359 35 74 -1 -1 -1 -1 
282 9 0 246 54 231 -1 -1 -1 -1 
282 40 0 305 58 174 -1 -1 -1 -1 
283 7 528 356 111 119 -1 -1 -1 -1 
283 8 604 359 35 74 -1 -1 -1 -1 
283 9 0 247 54 230 -1 -1 -1 -1 
283 40 0 305 59 174 -1 -1 -1 -1 
284 7 530 357 109 118 -1 -1 -1 -1 
284 8 604 360 35 73 -1 -1 -1 -1 
284 9 0 246 54 231 -1 -1 -1 -1 
284 40 0 306 58 173 -1 -1 -1 -1 
285 7 532 357 107 118 -1 -1 -1 -1 
285 8 604 360 35 73 -1 -1 -1 -1 
285 9 0 248 55 229 -1 -1 -1 -1 
286 7 531 358 108 118 -1 -1 -1 -1 
286 9 0 248 55 229 -1 -1 -1 -1 
286 40 0 305 58 174 -1 -1 -1 -1 
287 7 523 357 116 118 -1 -1 -1 -1 
287 8 604 360 35 72 -1 -1 -1 -1 
287 9 0 248 55 229 -1 -1 -1 -1 
287 40 0 305 58 174 -1 -1 -1 -1 
288 7 524 358 115 117 -1 -1 -1 -1 
288 8 604 360 35 72 -1 -1 -1 -1 
288 9 0 248 55 229 -1 -1 -1 -1 
289 7 522 359 117 116 -1 -1 -1 -1 
289 8 604 360 35 72 -1 -1 -1 -1 
289 9 0 247 55 230 -1 -1 -1 -1 
289 40 0 305 59 174 -1 -1 -1 -1 
290 7 525 356 114 120 -1 -1 -1 -1 
290 8 604 360 35 72 -1 -1 -1 -1 
290 9 0 249 55 228 -1 -1 -1 -1 
291 7 523 356 116 119 -1 -1 -1 -1 
291 9 0 248 54 229 -1 -1 -1 -1 
291 40 0 305 58 174 -1 -1 -1 -1 
292 7 531 356 108 119 -1 -1 -1 -1 
292 8 604 359 34 73 -1 -1 -1 -1 
292 9 0 247 54 230 -1 -1 -1 -1 
292 40 0 305 58 174 -1 -1 -1 -1 
293 7 532 356 107 119 -1 -1 -1 -1 
293 8 604 360 34 72 -1 -1 -1 -1 
293 9 0 247 54 230 -1 -1 -1 -1 
293 40 0 305 58 174 -1 -1 -1 -1 
294 7 523 354 116 121 -1 -1 -1 -1 
294 8 604 359 35 73 -1 -1 -1 -1 
294 9 0 248 55 229 -1 -1 -1 -1 
294 40 0 306 58 173 -1 -1 -1 -1 
294 48 610 373 29 72 -1 -1 -1 -1 
295 7 524 354 115 121 -1 -1 -1 -1 
295 8 603 359 36 73 -1 -1 -1 -1 
295 9 0 248 54 229 -1 -1 -1 -1 
295 40 0 306 58 173 -1 -1 -1 -1 
295 48 609 373 30 71 -1 -1 -1 -1 
296 7 527 358 112 117 -1 -1 -1 -1 
296 8 605 360 33 72 -1 -1 -1 -1 
296 9 0 246 54 231 -1 -1 -1 -1 
296 40 0 306 58 173 -1 -1 -1 -1 
297 7 521 356 118 119 -1 -1 -1 -1 
297 8 604 359 34 73 -1 -1 -1 -1 
297 9 0 246 54 231 -1 -1 -1 -1 
297 40 0 306 58 173 -1 -1 -1 -1 
297 48 607 368 32 76 -1 -1 -1 -1 
298 7 530 362 109 113 -1 -1 -1 -1 
298 8 608 371 31 73 -1 -1 -1 -1 
298 9 0 248 55 229 -1 -1 -1 -1 
298 40 0 306 58 173 -1 -1 -1 -1 
298 48 607 368 32 76 -1 -1 -1 -1 
299 7 528 359 110 116 -1 -1 -1 -1 
299 8 608 371 31 73 -1 -1 -1 -1 
299 9 0 250 55 227 -1 -1 -1 -1 
300 7 531 357 108 118 -1 -1 -1 -1 
300 8 604 360 35 72 -1 -1 -1 -1 
300 9 0 246 54 231 -1 -1 -1 -1 
300 40 0 305 58 174 -1 -1 -1 -1 
301 7 532 359 107 116 -1 -1 -1 -1 
301 8 604 360 35 72 -1 -1 -1 -1 
301 9 0 247 54 230 -1 -1 -1 -1 
302 7 525 353 114 122 -1 -1 -1 -1 
302 9 0 248 55 229 -1 -1 -1 -1 
302 40 0 305 59 174 -1 -1 -1 -1 
303 7 527 354 112 121 -1 -1 -1 -1 
303 8 604 360 35 72 -1 -1 -1 -1 
303 9 0 249 54 228 -1 -1 -1 -1 
303 40 0 305 58 174 -1 -1 -1 -1 
304 7 521 354 118 121 -1 -1 -1 -1 
304 8 607 369 32 75 -1 -1 -1 -1 
304 9 0 249 54 228 -1 -1 -1 -1 
304 40 0 305 59 174 -1 -1 -1 -1 
