3 1 462 196 87 75 -1 -1 -1 -1 
3 2 432 262 123 140 -1 -1 -1 -1 
3 3 501 96 53 57 -1 -1 -1 -1 
3 4 451 86 56 68 -1 -1 -1 -1 
4 1 462 197 86 75 -1 -1 -1 -1 
4 2 431 266 119 143 -1 -1 -1 -1 
4 3 501 96 53 56 -1 -1 -1 -1 
4 4 451 85 57 69 -1 -1 -1 -1 
5 1 461 197 87 74 -1 -1 -1 -1 
5 2 431 266 120 144 -1 -1 -1 -1 
5 3 499 96 55 59 -1 -1 -1 -1 
5 4 451 84 57 71 -1 -1 -1 -1 
6 1 462 196 87 76 -1 -1 -1 -1 
6 2 431 267 119 142 -1 -1 -1 -1 
6 3 499 96 55 58 -1 -1 -1 -1 
6 4 451 85 57 70 -1 -1 -1 -1 
7 1 462 196 87 76 -1 -1 -1 -1 
7 2 432 267 119 142 -1 -1 -1 -1 
7 3 499 96 55 59 -1 -1 -1 -1 
7 4 451 85 57 70 -1 -1 -1 -1 
8 1 462 195 88 78 -1 -1 -1 -1 
8 2 433 267 122 140 -1 -1 -1 -1 
8 3 500 96 54 58 -1 -1 -1 -1 
8 4 451 85 57 70 -1 -1 -1 -1 
9 1 462 194 87 78 -1 -1 -1 -1 
9 2 433 267 123 142 -1 -1 -1 -1 
9 3 499 96 55 59 -1 -1 -1 -1 
9 4 451 85 56 70 -1 -1 -1 -1 
10 1 462 194 88 80 -1 -1 -1 -1 
10 2 433 268 123 145 -1 -1 -1 -1 
10 3 501 97 53 55 -1 -1 -1 -1 
10 4 451 84 57 72 -1 -1 -1 -1 
11 1 461 194 88 79 -1 -1 -1 -1 
11 2 433 268 124 146 -1 -1 -1 -1 
11 3 501 97 53 55 -1 -1 -1 -1 
11 4 451 83 57 73 -1 -1 -1 -1 
12 1 462 195 88 79 -1 -1 -1 -1 
12 2 432 265 125 145 -1 -1 -1 -1 
12 3 501 97 53 54 -1 -1 -1 -1 
12 4 451 83 57 72 -1 -1 -1 -1 
13 1 462 194 87 80 -1 -1 -1 -1 
13 2 431 266 127 145 -1 -1 -1 -1 
13 3 501 97 53 54 -1 -1 -1 -1 
13 4 451 81 57 74 -1 -1 -1 -1 
14 1 462 194 87 81 -1 -1 -1 -1 
14 2 431 264 128 147 -1 -1 -1 -1 
14 3 501 96 53 54 -1 -1 -1 -1 
14 4 451 81 57 74 -1 -1 -1 -1 
15 1 462 195 87 80 -1 -1 -1 -1 
15 2 431 261 128 149 -1 -1 -1 -1 
15 3 501 96 53 54 -1 -1 -1 -1 
15 4 451 83 57 72 -1 -1 -1 -1 
16 1 462 194 86 83 -1 -1 -1 -1 
16 2 431 262 129 148 -1 -1 -1 -1 
16 3 501 97 53 53 -1 -1 -1 -1 
16 4 451 83 57 71 -1 -1 -1 -1 
17 1 462 194 86 84 -1 -1 -1 -1 
17 2 431 259 129 151 -1 -1 -1 -1 
17 3 502 97 52 54 -1 -1 -1 -1 
17 4 451 83 57 72 -1 -1 -1 -1 
18 1 462 194 86 85 -1 -1 -1 -1 
18 2 431 259 128 153 -1 -1 -1 -1 
18 3 502 97 52 54 -1 -1 -1 -1 
18 4 451 83 57 72 -1 -1 -1 -1 
19 1 462 195 87 80 -1 -1 -1 -1 
19 2 431 262 128 152 -1 -1 -1 -1 
19 3 502 97 52 54 -1 -1 -1 -1 
19 4 451 83 57 72 -1 -1 -1 -1 
20 1 462 194 88 81 -1 -1 -1 -1 
20 2 432 262 126 151 -1 -1 -1 -1 
20 3 502 97 52 54 -1 -1 -1 -1 
20 4 451 83 57 72 -1 -1 -1 -1 
21 1 461 195 88 79 -1 -1 -1 -1 
21 2 432 262 126 151 -1 -1 -1 -1 
22 1 461 195 88 78 -1 -1 -1 -1 
22 2 427 266 126 148 -1 -1 -1 -1 
22 3 499 95 55 62 -1 -1 -1 -1 
22 4 450 77 58 81 -1 -1 -1 -1 
23 1 461 195 88 78 -1 -1 -1 -1 
23 2 427 266 124 150 -1 -1 -1 -1 
23 3 499 95 55 62 -1 -1 -1 -1 
24 1 461 195 89 77 -1 -1 -1 -1 
24 2 428 268 123 149 -1 -1 -1 -1 
24 3 500 96 54 59 -1 -1 -1 -1 
24 4 451 81 57 76 -1 -1 -1 -1 
25 1 461 194 89 79 -1 -1 -1 -1 
25 2 430 269 121 149 -1 -1 -1 -1 
25 3 500 96 54 59 -1 -1 -1 -1 
25 4 451 82 57 75 -1 -1 -1 -1 
26 1 461 192 89 81 -1 -1 -1 -1 
26 2 430 268 124 149 -1 -1 -1 -1 
26 3 500 96 54 59 -1 -1 -1 -1 
26 4 451 82 57 75 -1 -1 -1 -1 
27 1 461 192 90 80 -1 -1 -1 -1 
27 2 434 264 120 151 -1 -1 -1 -1 
27 3 500 95 54 61 -1 -1 -1 -1 
27 4 451 82 57 75 -1 -1 -1 -1 
28 1 461 193 89 81 -1 -1 -1 -1 
28 2 431 265 124 146 -1 -1 -1 -1 
28 3 500 95 55 62 -1 -1 -1 -1 
28 4 451 83 57 73 -1 -1 -1 -1 
29 1 461 194 88 80 -1 -1 -1 -1 
29 2 431 263 125 147 -1 -1 -1 -1 
29 3 500 95 55 62 -1 -1 -1 -1 
29 4 451 82 57 74 -1 -1 -1 -1 
30 1 461 194 88 80 -1 -1 -1 -1 
30 2 430 263 127 144 -1 -1 -1 -1 
30 3 500 95 54 62 -1 -1 -1 -1 
30 4 451 82 58 74 -1 -1 -1 -1 
31 1 461 194 89 81 -1 -1 -1 -1 
31 2 430 261 127 137 -1 -1 -1 -1 
31 3 500 95 55 63 -1 -1 -1 -1 
31 4 451 81 58 76 -1 -1 -1 -1 
32 1 461 194 89 81 -1 -1 -1 -1 
32 2 430 261 126 138 -1 -1 -1 -1 
32 3 502 96 52 58 -1 -1 -1 -1 
32 4 451 80 58 76 -1 -1 -1 -1 
33 1 461 193 89 84 -1 -1 -1 -1 
33 2 428 260 130 139 -1 -1 -1 -1 
33 3 501 96 53 57 -1 -1 -1 -1 
33 4 451 81 57 74 -1 -1 -1 -1 
34 1 461 193 89 85 -1 -1 -1 -1 
34 2 427 258 133 144 -1 -1 -1 -1 
34 3 502 96 52 57 -1 -1 -1 -1 
34 4 451 80 57 76 -1 -1 -1 -1 
35 1 461 192 89 86 -1 -1 -1 -1 
35 2 427 258 133 145 -1 -1 -1 -1 
35 3 501 96 53 57 -1 -1 -1 -1 
35 4 451 81 57 74 -1 -1 -1 -1 
36 1 461 193 89 84 -1 -1 -1 -1 
36 2 427 258 133 144 -1 -1 -1 -1 
36 3 502 96 52 56 -1 -1 -1 -1 
36 4 451 82 57 71 -1 -1 -1 -1 
37 1 461 193 89 84 -1 -1 -1 -1 
37 2 427 258 134 143 -1 -1 -1 -1 
37 3 501 96 53 57 -1 -1 -1 -1 
37 4 451 81 57 72 -1 -1 -1 -1 
38 1 460 194 89 84 -1 -1 -1 -1 
38 2 428 261 132 148 -1 -1 -1 -1 
38 3 501 96 53 57 -1 -1 -1 -1 
38 4 451 82 57 72 -1 -1 -1 -1 
39 1 461 192 89 84 -1 -1 -1 -1 
39 2 428 261 132 150 -1 -1 -1 -1 
39 3 502 96 52 56 -1 -1 -1 -1 
39 4 451 82 57 72 -1 -1 -1 -1 
40 1 461 192 90 84 -1 -1 -1 -1 
40 2 428 262 131 150 -1 -1 -1 -1 
40 3 502 96 52 56 -1 -1 -1 -1 
40 4 451 82 57 72 -1 -1 -1 -1 
41 1 461 194 89 81 -1 -1 -1 -1 
41 2 428 263 131 150 -1 -1 -1 -1 
41 3 502 95 52 58 -1 -1 -1 -1 
41 4 451 82 57 73 -1 -1 -1 -1 
42 1 461 193 89 82 -1 -1 -1 -1 
42 2 428 262 130 151 -1 -1 -1 -1 
42 3 500 95 54 61 -1 -1 -1 -1 
42 4 451 81 57 74 -1 -1 -1 -1 
43 1 461 193 89 81 -1 -1 -1 -1 
43 2 428 262 130 151 -1 -1 -1 -1 
43 3 500 95 54 61 -1 -1 -1 -1 
43 4 451 81 57 75 -1 -1 -1 -1 
44 1 461 194 89 80 -1 -1 -1 -1 
44 2 428 262 129 151 -1 -1 -1 -1 
44 3 500 95 54 61 -1 -1 -1 -1 
44 4 451 83 57 72 -1 -1 -1 -1 
45 1 461 193 89 82 -1 -1 -1 -1 
45 2 428 262 129 152 -1 -1 -1 -1 
45 3 500 95 55 62 -1 -1 -1 -1 
45 4 451 83 57 72 -1 -1 -1 -1 
46 1 461 194 89 80 -1 -1 -1 -1 
46 2 428 263 129 151 -1 -1 -1 -1 
46 3 500 95 54 61 -1 -1 -1 -1 
46 4 451 82 57 73 -1 -1 -1 -1 
47 1 461 194 89 81 -1 -1 -1 -1 
47 2 426 262 131 154 -1 -1 -1 -1 
47 3 500 95 54 62 -1 -1 -1 -1 
47 4 451 81 57 74 -1 -1 -1 -1 
48 1 461 194 89 81 -1 -1 -1 -1 
48 2 429 262 127 153 -1 -1 -1 -1 
48 3 500 95 54 62 -1 -1 -1 -1 
48 4 451 79 57 76 -1 -1 -1 -1 
49 1 461 194 89 81 -1 -1 -1 -1 
49 2 433 260 124 156 -1 -1 -1 -1 
49 3 500 95 54 61 -1 -1 -1 -1 
49 4 451 78 57 77 -1 -1 -1 -1 
50 1 461 195 89 80 -1 -1 -1 -1 
50 2 427 261 129 157 -1 -1 -1 -1 
50 3 500 95 54 62 -1 -1 -1 -1 
50 4 451 79 57 76 -1 -1 -1 -1 
51 1 461 195 89 80 -1 -1 -1 -1 
51 2 427 261 129 157 -1 -1 -1 -1 
51 3 499 95 55 61 -1 -1 -1 -1 
52 1 460 194 89 83 -1 -1 -1 -1 
52 3 500 96 54 61 -1 -1 -1 -1 
53 1 461 195 89 81 -1 -1 -1 -1 
53 3 500 96 54 61 -1 -1 -1 -1 
54 1 461 194 88 84 -1 -1 -1 -1 
54 2 417 262 146 156 -1 -1 -1 -1 
54 3 500 96 54 61 -1 -1 -1 -1 
55 1 461 195 87 85 -1 -1 -1 -1 
55 2 425 262 139 162 -1 -1 -1 -1 
55 3 500 96 54 61 -1 -1 -1 -1 
56 1 461 194 88 85 -1 -1 -1 -1 
56 2 440 256 123 164 -1 -1 -1 -1 
56 3 500 96 54 61 -1 -1 -1 -1 
57 1 461 194 88 85 -1 -1 -1 -1 
57 2 424 245 131 180 -1 -1 -1 -1 
58 2 418 238 137 187 -1 -1 -1 -1 
58 3 500 95 55 63 -1 -1 -1 -1 
58 4 451 80 57 77 -1 -1 -1 -1 
59 2 416 238 143 188 -1 -1 -1 -1 
59 3 501 96 54 61 -1 -1 -1 -1 
59 4 451 82 57 74 -1 -1 -1 -1 
60 2 412 235 158 193 -1 -1 -1 -1 
60 3 502 96 52 59 -1 -1 -1 -1 
60 4 452 84 56 71 -1 -1 -1 -1 
61 2 414 241 153 183 -1 -1 -1 -1 
61 3 500 95 55 63 -1 -1 -1 -1 
62 1 459 193 92 80 -1 -1 -1 -1 
62 2 421 251 154 170 -1 -1 -1 -1 
62 3 500 96 54 62 -1 -1 -1 -1 
63 1 461 193 91 81 -1 -1 -1 -1 
63 2 421 251 154 170 -1 -1 -1 -1 
64 1 460 193 91 84 -1 -1 -1 -1 
64 2 454 264 132 151 -1 -1 -1 -1 
64 3 500 96 54 60 -1 -1 -1 -1 
65 1 460 194 91 81 -1 -1 -1 -1 
65 2 464 263 119 145 -1 -1 -1 -1 
65 3 501 96 53 59 -1 -1 -1 -1 
66 1 460 193 89 83 -1 -1 -1 -1 
66 2 464 261 121 152 -1 -1 -1 -1 
66 3 500 96 54 60 -1 -1 -1 -1 
67 1 460 193 91 83 -1 -1 -1 -1 
67 2 454 263 131 156 -1 -1 -1 -1 
67 3 501 97 53 59 -1 -1 -1 -1 
68 1 460 193 91 83 -1 -1 -1 -1 
68 2 458 263 127 156 -1 -1 -1 -1 
68 3 501 97 53 59 -1 -1 -1 -1 
69 1 460 193 89 85 -1 -1 -1 -1 
69 2 457 263 128 155 -1 -1 -1 -1 
69 3 501 97 53 59 -1 -1 -1 -1 
70 1 460 193 91 83 -1 -1 -1 -1 
70 2 459 264 126 153 -1 -1 -1 -1 
70 3 501 96 53 60 -1 -1 -1 -1 
71 1 460 192 89 86 -1 -1 -1 -1 
71 2 458 264 127 153 -1 -1 -1 -1 
71 3 501 96 52 59 -1 -1 -1 -1 
72 1 460 193 89 85 -1 -1 -1 -1 
72 2 445 265 140 163 -1 -1 -1 -1 
72 3 501 97 53 59 -1 -1 -1 -1 
73 1 460 193 89 86 -1 -1 -1 -1 
73 2 445 265 141 162 -1 -1 -1 -1 
73 3 501 97 53 58 -1 -1 -1 -1 
74 1 460 193 89 86 -1 -1 -1 -1 
74 2 439 264 148 165 -1 -1 -1 -1 
74 3 501 97 53 58 -1 -1 -1 -1 
75 1 460 193 89 86 -1 -1 -1 -1 
75 2 448 264 139 162 -1 -1 -1 -1 
75 3 501 97 53 59 -1 -1 -1 -1 
76 1 460 194 88 85 -1 -1 -1 -1 
76 2 452 264 135 157 -1 -1 -1 -1 
76 3 501 97 53 58 -1 -1 -1 -1 
77 1 460 194 90 83 -1 -1 -1 -1 
77 2 449 263 140 159 -1 -1 -1 -1 
77 3 501 97 53 59 -1 -1 -1 -1 
78 1 459 194 91 83 -1 -1 -1 -1 
78 2 452 263 137 160 -1 -1 -1 -1 
78 3 501 97 53 58 -1 -1 -1 -1 
79 1 459 193 92 84 -1 -1 -1 -1 
79 2 444 264 145 161 -1 -1 -1 -1 
79 3 501 97 53 58 -1 -1 -1 -1 
80 1 459 192 92 85 -1 -1 -1 -1 
80 2 460 263 129 134 -1 -1 -1 -1 
80 3 501 96 53 59 -1 -1 -1 -1 
81 1 459 193 92 84 -1 -1 -1 -1 
81 2 460 263 129 134 -1 -1 -1 -1 
82 1 459 192 92 85 -1 -1 -1 -1 
82 3 500 96 54 60 -1 -1 -1 -1 
83 1 459 192 92 85 -1 -1 -1 -1 
83 2 445 264 144 161 -1 -1 -1 -1 
83 3 500 96 54 60 -1 -1 -1 -1 
84 1 459 191 92 88 -1 -1 -1 -1 
84 2 435 264 158 164 -1 -1 -1 -1 
84 3 502 96 52 58 -1 -1 -1 -1 
84 4 451 78 57 81 -1 -1 -1 -1 
85 1 460 192 89 88 -1 -1 -1 -1 
85 2 433 265 160 162 -1 -1 -1 -1 
85 3 502 96 52 58 -1 -1 -1 -1 
85 4 451 78 57 81 -1 -1 -1 -1 
86 1 458 188 94 93 -1 -1 -1 -1 
86 2 438 265 154 157 -1 -1 -1 -1 
86 3 502 96 52 58 -1 -1 -1 -1 
87 1 458 189 93 93 -1 -1 -1 -1 
87 2 443 265 149 153 -1 -1 -1 -1 
88 1 458 189 93 92 -1 -1 -1 -1 
88 2 447 265 145 152 -1 -1 -1 -1 
89 1 458 187 94 95 -1 -1 -1 -1 
89 2 449 264 142 154 -1 -1 -1 -1 
90 1 458 188 93 94 -1 -1 -1 -1 
90 2 448 264 143 155 -1 -1 -1 -1 
91 1 459 192 90 89 -1 -1 -1 -1 
91 2 419 268 169 153 -1 -1 -1 -1 
91 3 501 96 53 57 -1 -1 -1 -1 
92 1 459 191 91 88 -1 -1 -1 -1 
92 2 428 271 135 148 -1 -1 -1 -1 
92 3 502 96 52 56 -1 -1 -1 -1 
93 1 458 192 91 87 -1 -1 -1 -1 
93 2 414 265 143 153 -1 -1 -1 -1 
93 3 501 96 53 56 -1 -1 -1 -1 
93 4 451 79 57 78 -1 -1 -1 -1 
94 1 459 193 90 86 -1 -1 -1 -1 
94 2 417 265 146 154 -1 -1 -1 -1 
94 3 502 96 52 56 -1 -1 -1 -1 
94 4 451 80 57 77 -1 -1 -1 -1 
95 1 459 192 90 87 -1 -1 -1 -1 
95 2 414 265 147 156 -1 -1 -1 -1 
95 3 501 96 53 56 -1 -1 -1 -1 
95 4 451 80 57 77 -1 -1 -1 -1 
96 1 459 192 90 87 -1 -1 -1 -1 
96 2 413 266 144 152 -1 -1 -1 -1 
96 3 500 95 54 61 -1 -1 -1 -1 
97 2 439 259 118 161 -1 -1 -1 -1 
97 3 501 96 53 56 -1 -1 -1 -1 
97 7 458 191 93 85 -1 -1 -1 -1 
98 2 430 256 129 166 -1 -1 -1 -1 
98 3 500 96 54 59 -1 -1 -1 -1 
99 2 446 254 111 166 -1 -1 -1 -1 
99 3 502 96 52 56 -1 -1 -1 -1 
99 7 458 189 93 86 -1 -1 -1 -1 
100 2 437 252 121 169 -1 -1 -1 -1 
100 3 502 96 52 56 -1 -1 -1 -1 
100 4 451 81 56 76 -1 -1 -1 -1 
100 7 456 190 95 84 -1 -1 -1 -1 
101 2 437 252 121 169 -1 -1 -1 -1 
102 2 448 249 105 171 -1 -1 -1 -1 
102 3 501 96 53 57 -1 -1 -1 -1 
102 4 451 80 57 78 -1 -1 -1 -1 
103 2 440 244 113 176 -1 -1 -1 -1 
103 3 500 95 54 61 -1 -1 -1 -1 
103 4 451 83 57 75 -1 -1 -1 -1 
104 2 434 243 121 180 -1 -1 -1 -1 
104 3 500 95 54 61 -1 -1 -1 -1 
104 4 451 84 57 73 -1 -1 -1 -1 
105 2 434 243 121 180 -1 -1 -1 -1 
106 3 499 96 55 60 -1 -1 -1 -1 
107 3 500 96 54 58 -1 -1 -1 -1 
107 7 461 192 89 82 -1 -1 -1 -1 
108 3 500 96 54 58 -1 -1 -1 -1 
108 7 461 191 91 83 -1 -1 -1 -1 
109 3 500 96 54 58 -1 -1 -1 -1 
109 4 451 84 57 73 -1 -1 -1 -1 
109 7 461 190 93 83 -1 -1 -1 -1 
110 2 436 245 124 173 -1 -1 -1 -1 
110 3 501 96 53 56 -1 -1 -1 -1 
110 4 451 84 57 72 -1 -1 -1 -1 
110 7 461 191 92 83 -1 -1 -1 -1 
111 2 434 244 126 176 -1 -1 -1 -1 
111 3 501 96 52 56 -1 -1 -1 -1 
111 4 451 84 57 72 -1 -1 -1 -1 
112 2 440 248 123 173 -1 -1 -1 -1 
112 3 500 96 53 58 -1 -1 -1 -1 
112 4 451 84 57 72 -1 -1 -1 -1 
112 7 460 190 93 83 -1 -1 -1 -1 
113 2 433 246 128 173 -1 -1 -1 -1 
113 3 500 96 53 58 -1 -1 -1 -1 
113 4 451 85 57 71 -1 -1 -1 -1 
113 7 460 190 93 83 -1 -1 -1 -1 
114 2 434 247 127 173 -1 -1 -1 -1 
114 3 500 96 53 58 -1 -1 -1 -1 
114 4 452 85 56 70 -1 -1 -1 -1 
114 7 460 189 94 85 -1 -1 -1 -1 
115 2 430 247 132 174 -1 -1 -1 -1 
115 3 501 96 53 62 -1 -1 -1 -1 
115 4 452 79 56 77 -1 -1 -1 -1 
115 7 459 191 92 85 -1 -1 -1 -1 
116 2 430 247 132 174 -1 -1 -1 -1 
116 3 500 96 54 61 -1 -1 -1 -1 
116 4 452 79 56 77 -1 -1 -1 -1 
116 7 460 192 91 83 -1 -1 -1 -1 
117 2 427 247 136 174 -1 -1 -1 -1 
117 3 501 96 53 60 -1 -1 -1 -1 
117 4 452 81 56 74 -1 -1 -1 -1 
117 7 460 193 90 81 -1 -1 -1 -1 
118 2 429 247 134 173 -1 -1 -1 -1 
118 3 500 96 54 61 -1 -1 -1 -1 
118 4 452 80 56 75 -1 -1 -1 -1 
118 7 460 193 90 82 -1 -1 -1 -1 
119 2 429 248 135 171 -1 -1 -1 -1 
119 3 500 96 54 61 -1 -1 -1 -1 
119 4 452 83 56 72 -1 -1 -1 -1 
119 7 460 193 90 82 -1 -1 -1 -1 
120 2 427 248 137 169 -1 -1 -1 -1 
120 3 501 96 53 61 -1 -1 -1 -1 
120 4 452 85 55 70 -1 -1 -1 -1 
120 7 460 192 91 83 -1 -1 -1 -1 
121 2 425 248 139 169 -1 -1 -1 -1 
121 3 500 96 54 61 -1 -1 -1 -1 
121 4 452 84 56 72 -1 -1 -1 -1 
121 7 460 192 90 83 -1 -1 -1 -1 
122 2 424 248 139 169 -1 -1 -1 -1 
122 3 500 96 54 61 -1 -1 -1 -1 
122 4 452 84 56 72 -1 -1 -1 -1 
122 7 460 193 90 82 -1 -1 -1 -1 
123 2 423 248 141 169 -1 -1 -1 -1 
123 3 500 96 54 60 -1 -1 -1 -1 
123 4 452 85 56 71 -1 -1 -1 -1 
123 7 460 193 90 82 -1 -1 -1 -1 
124 2 423 248 141 170 -1 -1 -1 -1 
124 3 500 95 55 61 -1 -1 -1 -1 
124 4 452 86 56 70 -1 -1 -1 -1 
124 7 460 193 90 82 -1 -1 -1 -1 
125 2 423 248 141 170 -1 -1 -1 -1 
125 3 500 95 55 63 -1 -1 -1 -1 
125 4 452 85 56 72 -1 -1 -1 -1 
125 7 460 193 89 82 -1 -1 -1 -1 
126 2 423 247 140 171 -1 -1 -1 -1 
126 3 500 95 55 63 -1 -1 -1 -1 
126 4 452 84 55 73 -1 -1 -1 -1 
126 7 461 194 88 81 -1 -1 -1 -1 
127 2 424 246 139 172 -1 -1 -1 -1 
127 3 500 95 55 63 -1 -1 -1 -1 
127 4 452 86 55 70 -1 -1 -1 -1 
127 7 461 194 88 80 -1 -1 -1 -1 
128 2 425 246 138 173 -1 -1 -1 -1 
128 3 500 95 55 63 -1 -1 -1 -1 
128 4 452 87 55 68 -1 -1 -1 -1 
128 7 460 194 89 80 -1 -1 -1 -1 
129 2 424 245 139 174 -1 -1 -1 -1 
129 3 500 96 54 62 -1 -1 -1 -1 
129 4 451 82 56 74 -1 -1 -1 -1 
129 7 461 194 88 79 -1 -1 -1 -1 
130 2 424 246 139 172 -1 -1 -1 -1 
130 3 500 95 55 63 -1 -1 -1 -1 
130 4 451 82 56 73 -1 -1 -1 -1 
130 7 461 193 89 81 -1 -1 -1 -1 
131 2 424 246 140 171 -1 -1 -1 -1 
131 3 500 95 54 63 -1 -1 -1 -1 
131 4 451 83 57 72 -1 -1 -1 -1 
131 7 460 193 90 81 -1 -1 -1 -1 
132 2 424 246 140 172 -1 -1 -1 -1 
132 3 500 95 55 63 -1 -1 -1 -1 
132 4 452 82 56 75 -1 -1 -1 -1 
132 7 460 193 90 81 -1 -1 -1 -1 
133 2 425 247 139 170 -1 -1 -1 -1 
133 3 500 95 55 61 -1 -1 -1 -1 
133 4 451 82 57 75 -1 -1 -1 -1 
133 7 461 194 89 79 -1 -1 -1 -1 
134 2 425 246 138 172 -1 -1 -1 -1 
134 3 500 96 55 61 -1 -1 -1 -1 
134 4 451 84 56 73 -1 -1 -1 -1 
134 7 461 194 88 79 -1 -1 -1 -1 
135 2 426 247 137 171 -1 -1 -1 -1 
135 3 500 96 55 61 -1 -1 -1 -1 
135 4 451 84 56 72 -1 -1 -1 -1 
135 7 461 194 88 79 -1 -1 -1 -1 
136 2 425 245 138 173 -1 -1 -1 -1 
136 3 500 96 55 60 -1 -1 -1 -1 
136 4 451 84 56 71 -1 -1 -1 -1 
136 7 460 194 89 78 -1 -1 -1 -1 
137 2 426 246 138 172 -1 -1 -1 -1 
137 3 500 95 55 63 -1 -1 -1 -1 
137 4 452 83 56 73 -1 -1 -1 -1 
137 7 461 194 88 80 -1 -1 -1 -1 
138 2 428 247 135 170 -1 -1 -1 -1 
138 3 500 95 55 63 -1 -1 -1 -1 
138 4 451 83 56 73 -1 -1 -1 -1 
138 7 461 195 87 80 -1 -1 -1 -1 
139 2 429 247 135 169 -1 -1 -1 -1 
139 3 500 95 54 62 -1 -1 -1 -1 
139 4 451 84 56 72 -1 -1 -1 -1 
139 7 460 194 89 82 -1 -1 -1 -1 
140 2 432 248 133 168 -1 -1 -1 -1 
140 3 500 95 54 62 -1 -1 -1 -1 
140 4 451 84 56 72 -1 -1 -1 -1 
140 7 461 193 89 81 -1 -1 -1 -1 
141 2 430 249 134 165 -1 -1 -1 -1 
141 3 500 95 54 62 -1 -1 -1 -1 
141 4 451 83 56 73 -1 -1 -1 -1 
141 7 461 194 88 80 -1 -1 -1 -1 
142 2 427 250 137 163 -1 -1 -1 -1 
142 3 500 95 54 62 -1 -1 -1 -1 
142 4 451 82 56 75 -1 -1 -1 -1 
142 7 461 195 87 79 -1 -1 -1 -1 
143 2 426 251 138 162 -1 -1 -1 -1 
143 3 500 95 54 62 -1 -1 -1 -1 
143 4 451 82 56 75 -1 -1 -1 -1 
143 7 461 195 87 80 -1 -1 -1 -1 
144 2 426 251 139 162 -1 -1 -1 -1 
144 3 500 95 54 62 -1 -1 -1 -1 
144 4 451 80 57 77 -1 -1 -1 -1 
144 7 461 194 87 82 -1 -1 -1 -1 
145 2 426 252 139 162 -1 -1 -1 -1 
145 3 500 95 54 62 -1 -1 -1 -1 
145 4 451 80 57 76 -1 -1 -1 -1 
145 7 461 194 87 82 -1 -1 -1 -1 
146 2 425 250 139 161 -1 -1 -1 -1 
146 3 500 95 54 61 -1 -1 -1 -1 
146 4 452 82 56 74 -1 -1 -1 -1 
146 7 461 194 88 83 -1 -1 -1 -1 
147 2 425 248 139 161 -1 -1 -1 -1 
147 3 501 95 53 61 -1 -1 -1 -1 
147 4 452 82 56 75 -1 -1 -1 -1 
147 7 460 194 88 83 -1 -1 -1 -1 
148 2 426 247 138 163 -1 -1 -1 -1 
148 3 501 97 52 55 -1 -1 -1 -1 
148 4 452 85 56 69 -1 -1 -1 -1 
148 7 460 191 91 86 -1 -1 -1 -1 
149 2 426 247 138 162 -1 -1 -1 -1 
149 3 500 96 53 60 -1 -1 -1 -1 
149 4 452 85 56 69 -1 -1 -1 -1 
149 7 460 192 89 85 -1 -1 -1 -1 
150 2 426 247 138 161 -1 -1 -1 -1 
150 3 500 96 54 59 -1 -1 -1 -1 
150 4 452 85 56 70 -1 -1 -1 -1 
150 7 460 191 89 86 -1 -1 -1 -1 
151 2 425 247 139 161 -1 -1 -1 -1 
151 3 501 96 52 57 -1 -1 -1 -1 
151 4 452 85 56 69 -1 -1 -1 -1 
151 7 460 191 89 85 -1 -1 -1 -1 
152 2 425 249 140 160 -1 -1 -1 -1 
152 3 502 96 51 57 -1 -1 -1 -1 
152 4 452 85 56 69 -1 -1 -1 -1 
152 7 460 193 88 83 -1 -1 -1 -1 
153 2 424 248 141 160 -1 -1 -1 -1 
153 3 502 97 51 56 -1 -1 -1 -1 
153 4 452 85 56 69 -1 -1 -1 -1 
153 7 460 193 89 82 -1 -1 -1 -1 
154 2 425 247 139 161 -1 -1 -1 -1 
154 3 501 97 52 55 -1 -1 -1 -1 
154 4 452 85 56 68 -1 -1 -1 -1 
154 7 460 193 89 82 -1 -1 -1 -1 
155 2 425 245 138 161 -1 -1 -1 -1 
155 3 501 96 52 57 -1 -1 -1 -1 
155 4 452 85 56 69 -1 -1 -1 -1 
155 7 460 192 90 81 -1 -1 -1 -1 
156 2 426 244 135 160 -1 -1 -1 -1 
156 3 501 97 52 56 -1 -1 -1 -1 
156 4 452 85 56 69 -1 -1 -1 -1 
156 7 460 194 89 77 -1 -1 -1 -1 
157 2 426 244 135 160 -1 -1 -1 -1 
157 3 499 96 54 59 -1 -1 -1 -1 
158 3 500 96 54 60 -1 -1 -1 -1 
158 4 452 85 56 70 -1 -1 -1 -1 
159 3 499 96 55 61 -1 -1 -1 -1 
159 4 452 85 56 70 -1 -1 -1 -1 
160 3 499 96 56 61 -1 -1 -1 -1 
160 4 452 87 55 67 -1 -1 -1 -1 
161 3 499 97 56 60 -1 -1 -1 -1 
161 4 451 85 56 70 -1 -1 -1 -1 
161 9 428 262 106 140 -1 -1 -1 -1 
162 3 499 97 56 60 -1 -1 -1 -1 
162 4 451 85 57 70 -1 -1 -1 -1 
162 9 427 259 106 144 -1 -1 -1 -1 
163 3 499 96 56 62 -1 -1 -1 -1 
163 4 451 84 57 72 -1 -1 -1 -1 
164 3 499 96 55 63 -1 -1 -1 -1 
164 4 451 83 57 73 -1 -1 -1 -1 
165 3 499 96 55 62 -1 -1 -1 -1 
165 4 451 84 57 70 -1 -1 -1 -1 
166 3 500 97 54 60 -1 -1 -1 -1 
166 4 451 83 57 72 -1 -1 -1 -1 
167 2 430 249 130 157 -1 -1 -1 -1 
167 3 500 96 54 60 -1 -1 -1 -1 
167 4 451 83 57 72 -1 -1 -1 -1 
168 2 422 261 143 138 -1 -1 -1 -1 
168 3 499 96 55 60 -1 -1 -1 -1 
168 4 451 82 57 73 -1 -1 -1 -1 
168 7 461 192 89 86 -1 -1 -1 -1 
169 2 422 261 143 138 -1 -1 -1 -1 
169 3 500 96 54 59 -1 -1 -1 -1 
170 3 500 96 54 58 -1 -1 -1 -1 
170 7 461 195 87 90 -1 -1 -1 -1 
171 3 500 96 54 58 -1 -1 -1 -1 
171 7 461 195 87 90 -1 -1 -1 -1 
172 3 500 96 54 58 -1 -1 -1 -1 
172 7 461 195 87 90 -1 -1 -1 -1 
173 3 500 96 54 59 -1 -1 -1 -1 
173 7 461 195 86 89 -1 -1 -1 -1 
174 3 499 96 55 60 -1 -1 -1 -1 
174 4 452 85 56 69 -1 -1 -1 -1 
174 7 460 195 88 87 -1 -1 -1 -1 
175 3 499 96 55 60 -1 -1 -1 -1 
175 4 451 84 57 72 -1 -1 -1 -1 
175 7 460 193 90 88 -1 -1 -1 -1 
176 3 499 96 55 60 -1 -1 -1 -1 
176 4 451 84 57 71 -1 -1 -1 -1 
176 7 460 195 88 86 -1 -1 -1 -1 
177 3 500 96 54 60 -1 -1 -1 -1 
177 4 451 85 57 70 -1 -1 -1 -1 
177 7 461 194 89 82 -1 -1 -1 -1 
178 3 499 96 55 61 -1 -1 -1 -1 
178 4 451 85 57 71 -1 -1 -1 -1 
178 7 461 195 88 80 -1 -1 -1 -1 
179 3 500 96 54 59 -1 -1 -1 -1 
179 4 451 85 57 70 -1 -1 -1 -1 
179 7 460 193 90 82 -1 -1 -1 -1 
180 3 501 96 53 60 -1 -1 -1 -1 
180 4 452 87 55 67 -1 -1 -1 -1 
180 7 461 194 88 84 -1 -1 -1 -1 
181 3 501 96 53 59 -1 -1 -1 -1 
181 4 452 87 55 67 -1 -1 -1 -1 
181 7 461 195 88 82 -1 -1 -1 -1 
182 3 501 96 53 59 -1 -1 -1 -1 
182 4 452 87 55 68 -1 -1 -1 -1 
182 7 461 194 88 84 -1 -1 -1 -1 
183 3 500 96 54 61 -1 -1 -1 -1 
183 4 452 87 55 68 -1 -1 -1 -1 
184 3 502 96 52 59 -1 -1 -1 -1 
184 4 452 83 56 72 -1 -1 -1 -1 
184 7 461 194 88 84 -1 -1 -1 -1 
185 3 499 95 56 63 -1 -1 -1 -1 
185 4 451 82 57 73 -1 -1 -1 -1 
185 7 461 194 88 84 -1 -1 -1 -1 
186 2 431 252 135 162 -1 -1 -1 -1 
186 3 501 96 53 60 -1 -1 -1 -1 
186 4 452 85 56 69 -1 -1 -1 -1 
186 7 461 194 88 84 -1 -1 -1 -1 
187 2 431 252 135 162 -1 -1 -1 -1 
187 3 501 96 53 59 -1 -1 -1 -1 
187 4 452 85 56 70 -1 -1 -1 -1 
188 3 500 96 55 61 -1 -1 -1 -1 
188 4 452 85 56 70 -1 -1 -1 -1 
189 3 502 97 52 57 -1 -1 -1 -1 
189 4 452 84 56 70 -1 -1 -1 -1 
189 7 461 193 89 84 -1 -1 -1 -1 
190 3 500 96 55 60 -1 -1 -1 -1 
190 4 452 84 56 69 -1 -1 -1 -1 
190 7 461 192 89 84 -1 -1 -1 -1 
191 2 446 255 121 163 -1 -1 -1 -1 
191 3 500 96 55 60 -1 -1 -1 -1 
191 4 452 84 55 69 -1 -1 -1 -1 
191 7 461 192 90 84 -1 -1 -1 -1 
192 2 456 256 109 164 -1 -1 -1 -1 
192 3 500 96 55 61 -1 -1 -1 -1 
192 4 452 85 56 69 -1 -1 -1 -1 
192 7 460 192 91 84 -1 -1 -1 -1 
193 2 450 254 116 169 -1 -1 -1 -1 
193 3 502 96 52 58 -1 -1 -1 -1 
193 4 452 84 55 70 -1 -1 -1 -1 
193 7 460 194 90 83 -1 -1 -1 -1 
194 2 446 254 120 168 -1 -1 -1 -1 
194 3 502 96 52 58 -1 -1 -1 -1 
194 4 452 84 56 70 -1 -1 -1 -1 
194 7 461 195 88 80 -1 -1 -1 -1 
195 2 448 251 118 172 -1 -1 -1 -1 
195 3 500 95 55 62 -1 -1 -1 -1 
195 4 452 84 56 70 -1 -1 -1 -1 
196 2 446 250 119 172 -1 -1 -1 -1 
196 3 500 95 55 62 -1 -1 -1 -1 
196 7 461 193 89 81 -1 -1 -1 -1 
197 2 434 248 129 172 -1 -1 -1 -1 
197 3 500 95 55 62 -1 -1 -1 -1 
197 7 460 192 92 81 -1 -1 -1 -1 
198 2 434 248 129 172 -1 -1 -1 -1 
198 3 500 95 55 62 -1 -1 -1 -1 
198 4 452 81 56 75 -1 -1 -1 -1 
198 7 461 192 91 81 -1 -1 -1 -1 
199 2 434 247 128 172 -1 -1 -1 -1 
199 3 500 95 55 62 -1 -1 -1 -1 
199 4 452 79 56 77 -1 -1 -1 -1 
199 7 461 192 91 80 -1 -1 -1 -1 
200 2 431 247 131 172 -1 -1 -1 -1 
200 3 500 95 55 63 -1 -1 -1 -1 
200 4 452 79 56 77 -1 -1 -1 -1 
201 2 431 247 132 173 -1 -1 -1 -1 
201 3 500 95 55 62 -1 -1 -1 -1 
201 4 452 80 56 75 -1 -1 -1 -1 
201 7 461 192 90 82 -1 -1 -1 -1 
202 2 431 248 132 172 -1 -1 -1 -1 
202 3 500 95 55 62 -1 -1 -1 -1 
202 4 452 82 56 73 -1 -1 -1 -1 
202 7 461 192 91 81 -1 -1 -1 -1 
203 2 431 247 132 173 -1 -1 -1 -1 
203 3 500 95 55 61 -1 -1 -1 -1 
203 4 452 80 56 76 -1 -1 -1 -1 
203 7 461 192 91 81 -1 -1 -1 -1 
204 2 429 247 132 172 -1 -1 -1 -1 
204 3 500 95 55 61 -1 -1 -1 -1 
204 4 452 80 57 76 -1 -1 -1 -1 
204 7 461 193 90 80 -1 -1 -1 -1 
205 2 429 246 132 173 -1 -1 -1 -1 
205 3 500 95 55 62 -1 -1 -1 -1 
205 4 452 81 57 75 -1 -1 -1 -1 
205 7 461 193 90 80 -1 -1 -1 -1 
206 2 429 247 134 172 -1 -1 -1 -1 
206 3 501 95 53 60 -1 -1 -1 -1 
206 4 452 78 57 80 -1 -1 -1 -1 
206 7 461 193 90 81 -1 -1 -1 -1 
207 2 428 247 135 171 -1 -1 -1 -1 
207 3 501 96 53 60 -1 -1 -1 -1 
207 4 451 78 58 80 -1 -1 -1 -1 
207 7 461 194 89 81 -1 -1 -1 -1 
208 2 428 246 134 171 -1 -1 -1 -1 
208 3 501 96 53 59 -1 -1 -1 -1 
208 4 452 84 56 73 -1 -1 -1 -1 
208 7 461 194 89 81 -1 -1 -1 -1 
209 2 427 246 135 172 -1 -1 -1 -1 
209 3 500 96 54 60 -1 -1 -1 -1 
209 4 451 84 57 74 -1 -1 -1 -1 
209 7 461 194 89 81 -1 -1 -1 -1 
210 2 427 247 136 172 -1 -1 -1 -1 
210 3 500 96 54 59 -1 -1 -1 -1 
210 4 451 84 57 74 -1 -1 -1 -1 
210 7 461 194 89 82 -1 -1 -1 -1 
211 2 427 247 135 172 -1 -1 -1 -1 
211 3 501 96 53 58 -1 -1 -1 -1 
211 4 452 85 56 72 -1 -1 -1 -1 
211 7 461 194 89 81 -1 -1 -1 -1 
212 2 432 246 129 172 -1 -1 -1 -1 
212 3 500 96 54 59 -1 -1 -1 -1 
212 4 450 75 58 80 -1 -1 -1 -1 
212 7 461 193 89 82 -1 -1 -1 -1 
213 2 432 246 129 172 -1 -1 -1 -1 
