18 1 463 194 50 82 -1 -1 -1 -1 
44 1 463 195 50 81 -1 -1 -1 -1 
47 1 463 193 48 84 -1 -1 -1 -1 
48 1 463 193 48 84 -1 -1 -1 -1 
110 7 463 194 50 82 -1 -1 -1 -1 
136 7 463 194 50 82 -1 -1 -1 -1 
161 7 463 193 50 84 -1 -1 -1 -1 
162 7 463 193 50 84 -1 -1 -1 -1 
163 7 463 194 50 82 -1 -1 -1 -1 
164 7 463 195 50 81 -1 -1 -1 -1 
188 7 463 193 50 83 -1 -1 -1 -1 
190 7 463 194 50 82 -1 -1 -1 -1 
254 9 463 194 50 82 -1 -1 -1 -1 
255 9 463 195 51 80 -1 -1 -1 -1 
283 9 463 193 50 83 -1 -1 -1 -1 
284 9 463 193 50 83 -1 -1 -1 -1 
285 9 463 194 50 82 -1 -1 -1 -1 
285 10 568 159 71 89 -1 -1 -1 -1 
286 9 463 195 51 80 -1 -1 -1 -1 
286 10 569 157 70 91 -1 -1 -1 -1 
308 12 568 167 39 90 -1 -1 -1 -1 
309 12 568 167 39 90 -1 -1 -1 -1 
310 12 568 167 39 90 -1 -1 -1 -1 
313 9 463 193 50 83 -1 -1 -1 -1 
315 9 463 193 50 83 -1 -1 -1 -1 
316 9 463 193 50 83 -1 -1 -1 -1 
317 9 463 193 50 83 -1 -1 -1 -1 
333 12 568 170 38 82 -1 -1 -1 -1 
337 12 568 169 38 87 -1 -1 -1 -1 
338 12 568 169 38 88 -1 -1 -1 -1 
339 12 568 169 38 88 -1 -1 -1 -1 
340 12 568 167 38 91 -1 -1 -1 -1 
345 9 463 192 50 84 -1 -1 -1 -1 
346 9 463 193 50 83 -1 -1 -1 -1 
347 9 463 194 50 81 -1 -1 -1 -1 
359 12 568 166 43 89 -1 -1 -1 -1 
360 12 568 165 45 90 -1 -1 -1 -1 
361 12 569 165 44 90 -1 -1 -1 -1 
362 12 569 165 43 90 -1 -1 -1 -1 
363 12 568 166 43 89 -1 -1 -1 -1 
364 12 568 167 42 88 -1 -1 -1 -1 
365 12 568 168 40 87 -1 -1 -1 -1 
366 12 568 168 41 87 -1 -1 -1 -1 
367 12 568 168 40 88 -1 -1 -1 -1 
368 12 568 168 40 87 -1 -1 -1 -1 
369 12 568 168 40 88 -1 -1 -1 -1 
370 12 568 167 39 89 -1 -1 -1 -1 
371 12 568 167 40 88 -1 -1 -1 -1 
372 12 568 167 40 87 -1 -1 -1 -1 
373 12 568 167 40 88 -1 -1 -1 -1 
374 12 568 166 42 89 -1 -1 -1 -1 
375 9 463 193 50 83 -1 -1 -1 -1 
375 12 568 164 42 92 -1 -1 -1 -1 
376 9 463 193 50 83 -1 -1 -1 -1 
377 9 463 194 50 83 -1 -1 -1 -1 
377 12 568 164 43 92 -1 -1 -1 -1 
378 9 463 194 50 82 -1 -1 -1 -1 
378 12 568 164 42 92 -1 -1 -1 -1 
379 9 463 194 50 82 -1 -1 -1 -1 
380 12 568 164 43 92 -1 -1 -1 -1 
381 12 568 164 43 92 -1 -1 -1 -1 
382 12 568 165 43 91 -1 -1 -1 -1 
383 12 568 165 43 91 -1 -1 -1 -1 
384 12 568 165 43 91 -1 -1 -1 -1 
385 12 569 166 43 90 -1 -1 -1 -1 
386 12 569 166 43 90 -1 -1 -1 -1 
387 12 569 166 43 89 -1 -1 -1 -1 
388 12 569 166 43 90 -1 -1 -1 -1 
389 12 568 166 44 90 -1 -1 -1 -1 
390 12 568 166 44 90 -1 -1 -1 -1 
391 12 569 167 43 89 -1 -1 -1 -1 
392 12 568 166 44 90 -1 -1 -1 -1 
393 12 569 166 43 89 -1 -1 -1 -1 
394 12 569 166 43 89 -1 -1 -1 -1 
395 12 569 166 42 89 -1 -1 -1 -1 
396 12 569 166 42 89 -1 -1 -1 -1 
397 12 569 166 42 89 -1 -1 -1 -1 
398 12 568 166 42 90 -1 -1 -1 -1 
399 12 568 166 42 90 -1 -1 -1 -1 
400 12 568 165 42 91 -1 -1 -1 -1 
401 12 568 165 43 92 -1 -1 -1 -1 
402 12 568 165 42 91 -1 -1 -1 -1 
403 12 568 165 42 91 -1 -1 -1 -1 
404 12 568 165 42 91 -1 -1 -1 -1 
405 12 568 164 42 92 -1 -1 -1 -1 
406 12 568 164 44 94 -1 -1 -1 -1 
407 12 568 164 44 94 -1 -1 -1 -1 
408 12 568 164 47 94 -1 -1 -1 -1 
413 12 568 165 45 91 -1 -1 -1 -1 
414 12 568 166 44 90 -1 -1 -1 -1 
415 12 569 165 44 91 -1 -1 -1 -1 
416 12 569 165 45 91 -1 -1 -1 -1 
417 12 569 166 45 90 -1 -1 -1 -1 
418 12 569 165 45 91 -1 -1 -1 -1 
419 12 569 166 45 90 -1 -1 -1 -1 
420 12 569 165 45 91 -1 -1 -1 -1 
421 12 569 166 45 90 -1 -1 -1 -1 
422 12 569 166 43 89 -1 -1 -1 -1 
422 16 569 165 69 94 -1 -1 -1 -1 
423 12 569 166 43 89 -1 -1 -1 -1 
423 16 569 165 69 93 -1 -1 -1 -1 
424 12 568 166 43 88 -1 -1 -1 -1 
424 16 568 164 71 94 -1 -1 -1 -1 
425 12 568 168 41 84 -1 -1 -1 -1 
426 12 568 168 41 87 -1 -1 -1 -1 
427 12 569 168 37 39 -1 -1 -1 -1 
427 16 569 158 70 96 -1 -1 -1 -1 
428 12 568 169 40 77 -1 -1 -1 -1 
428 16 569 159 70 88 -1 -1 -1 -1 
429 12 568 168 40 83 -1 -1 -1 -1 
429 16 569 163 70 86 -1 -1 -1 -1 
430 12 568 169 39 84 -1 -1 -1 -1 
430 16 569 166 69 84 -1 -1 -1 -1 
431 12 568 169 39 84 -1 -1 -1 -1 
431 16 568 165 70 85 -1 -1 -1 -1 
432 12 568 168 39 86 -1 -1 -1 -1 
432 16 568 165 71 85 -1 -1 -1 -1 
433 12 568 167 41 89 -1 -1 -1 -1 
433 16 568 165 71 88 -1 -1 -1 -1 
434 12 568 167 41 89 -1 -1 -1 -1 
435 12 568 167 41 89 -1 -1 -1 -1 
436 12 568 167 40 89 -1 -1 -1 -1 
437 12 568 167 41 88 -1 -1 -1 -1 
437 16 568 164 71 90 -1 -1 -1 -1 
438 12 568 167 40 88 -1 -1 -1 -1 
438 16 568 164 71 90 -1 -1 -1 -1 
439 12 568 167 40 87 -1 -1 -1 -1 
440 12 568 167 40 87 -1 -1 -1 -1 
440 16 568 163 71 89 -1 -1 -1 -1 
440 17 463 195 51 81 -1 -1 -1 -1 
441 12 568 167 39 87 -1 -1 -1 -1 
441 16 568 163 71 89 -1 -1 -1 -1 
442 12 568 167 39 87 -1 -1 -1 -1 
442 16 569 162 70 87 -1 -1 -1 -1 
443 12 568 167 40 87 -1 -1 -1 -1 
443 16 569 162 70 89 -1 -1 -1 -1 
444 12 568 168 40 87 -1 -1 -1 -1 
444 16 569 165 70 86 -1 -1 -1 -1 
445 12 568 168 41 87 -1 -1 -1 -1 
445 16 569 165 69 86 -1 -1 -1 -1 
446 12 568 169 41 86 -1 -1 -1 -1 
446 16 569 165 69 86 -1 -1 -1 -1 
447 12 568 169 40 85 -1 -1 -1 -1 
447 16 569 164 69 87 -1 -1 -1 -1 
448 12 568 169 40 84 -1 -1 -1 -1 
448 16 569 164 69 87 -1 -1 -1 -1 
449 12 568 169 40 83 -1 -1 -1 -1 
449 16 569 164 70 86 -1 -1 -1 -1 
450 12 568 169 40 82 -1 -1 -1 -1 
450 16 569 164 70 87 -1 -1 -1 -1 
451 12 568 169 40 81 -1 -1 -1 -1 
451 16 569 164 70 87 -1 -1 -1 -1 
452 12 568 169 40 82 -1 -1 -1 -1 
452 16 569 163 70 88 -1 -1 -1 -1 
453 12 568 169 40 82 -1 -1 -1 -1 
454 16 569 163 70 88 -1 -1 -1 -1 
455 16 569 163 70 88 -1 -1 -1 -1 
456 16 569 161 70 94 -1 -1 -1 -1 
457 16 569 161 70 94 -1 -1 -1 -1 
458 16 569 164 70 87 -1 -1 -1 -1 
459 12 568 169 39 76 -1 -1 -1 -1 
459 16 569 164 70 87 -1 -1 -1 -1 
460 12 569 168 39 86 -1 -1 -1 -1 
460 16 569 162 70 88 -1 -1 -1 -1 
461 12 569 168 39 86 -1 -1 -1 -1 
461 16 568 160 71 88 -1 -1 -1 -1 
462 12 569 168 39 86 -1 -1 -1 -1 
462 16 568 159 71 89 -1 -1 -1 -1 
463 12 569 167 39 87 -1 -1 -1 -1 
463 16 568 158 71 91 -1 -1 -1 -1 
464 12 569 167 39 88 -1 -1 -1 -1 
464 16 568 158 71 91 -1 -1 -1 -1 
465 12 569 167 40 88 -1 -1 -1 -1 
465 16 568 157 71 93 -1 -1 -1 -1 
466 12 569 166 40 89 -1 -1 -1 -1 
466 16 568 161 71 90 -1 -1 -1 -1 
467 12 568 167 40 88 -1 -1 -1 -1 
467 16 568 153 71 99 -1 -1 -1 -1 
468 12 568 167 40 87 -1 -1 -1 -1 
468 16 568 156 71 94 -1 -1 -1 -1 
469 12 568 167 40 87 -1 -1 -1 -1 
469 16 567 161 72 90 -1 -1 -1 -1 
469 17 463 193 50 84 -1 -1 -1 -1 
470 12 568 168 40 86 -1 -1 -1 -1 
470 16 567 160 72 92 -1 -1 -1 -1 
470 17 463 194 50 82 -1 -1 -1 -1 
471 12 568 168 40 87 -1 -1 -1 -1 
471 16 569 157 70 99 -1 -1 -1 -1 
472 12 568 168 40 87 -1 -1 -1 -1 
472 16 569 155 70 96 -1 -1 -1 -1 
473 12 568 168 40 87 -1 -1 -1 -1 
473 16 568 156 71 94 -1 -1 -1 -1 
474 12 568 168 41 87 -1 -1 -1 -1 
475 12 568 167 41 89 -1 -1 -1 -1 
475 16 569 165 70 87 -1 -1 -1 -1 
476 12 568 167 42 89 -1 -1 -1 -1 
476 16 569 165 70 86 -1 -1 -1 -1 
477 12 568 168 41 88 -1 -1 -1 -1 
477 16 569 165 70 86 -1 -1 -1 -1 
478 12 568 168 41 88 -1 -1 -1 -1 
479 12 568 168 41 87 -1 -1 -1 -1 
480 12 568 168 41 87 -1 -1 -1 -1 
481 12 568 168 41 87 -1 -1 -1 -1 
482 12 568 168 41 86 -1 -1 -1 -1 
482 16 569 165 68 91 -1 -1 -1 -1 
483 12 568 168 41 86 -1 -1 -1 -1 
483 16 569 165 70 86 -1 -1 -1 -1 
484 12 568 168 42 86 -1 -1 -1 -1 
484 16 569 165 70 87 -1 -1 -1 -1 
485 12 568 168 42 86 -1 -1 -1 -1 
485 16 569 165 70 87 -1 -1 -1 -1 
486 12 568 168 42 87 -1 -1 -1 -1 
486 16 569 165 70 87 -1 -1 -1 -1 
487 12 568 168 42 87 -1 -1 -1 -1 
487 16 569 165 70 87 -1 -1 -1 -1 
488 12 568 168 41 86 -1 -1 -1 -1 
488 16 569 165 70 86 -1 -1 -1 -1 
489 12 568 166 42 89 -1 -1 -1 -1 
490 12 568 166 41 89 -1 -1 -1 -1 
490 16 569 165 70 87 -1 -1 -1 -1 
491 12 568 166 41 89 -1 -1 -1 -1 
491 16 569 165 70 86 -1 -1 -1 -1 
492 12 568 166 41 90 -1 -1 -1 -1 
492 16 569 165 70 87 -1 -1 -1 -1 
493 12 568 165 41 91 -1 -1 -1 -1 
493 16 569 165 70 87 -1 -1 -1 -1 
494 12 568 165 42 91 -1 -1 -1 -1 
494 16 569 165 70 88 -1 -1 -1 -1 
495 12 568 165 42 91 -1 -1 -1 -1 
496 12 568 166 43 90 -1 -1 -1 -1 
496 16 569 164 70 96 -1 -1 -1 -1 
497 12 568 166 42 90 -1 -1 -1 -1 
497 16 569 164 70 95 -1 -1 -1 -1 
497 17 463 193 50 83 -1 -1 -1 -1 
498 12 568 166 43 90 -1 -1 -1 -1 
498 16 569 164 70 95 -1 -1 -1 -1 
499 12 568 166 42 89 -1 -1 -1 -1 
499 16 569 164 70 95 -1 -1 -1 -1 
499 17 463 194 50 82 -1 -1 -1 -1 
500 12 568 166 42 90 -1 -1 -1 -1 
500 16 569 165 70 90 -1 -1 -1 -1 
501 12 568 166 42 90 -1 -1 -1 -1 
501 16 569 165 70 90 -1 -1 -1 -1 
502 12 568 166 42 90 -1 -1 -1 -1 
502 16 569 165 70 89 -1 -1 -1 -1 
503 12 568 166 42 90 -1 -1 -1 -1 
503 16 569 165 70 89 -1 -1 -1 -1 
504 12 568 166 42 90 -1 -1 -1 -1 
504 16 568 165 71 88 -1 -1 -1 -1 
505 12 568 166 42 90 -1 -1 -1 -1 
505 16 568 165 71 88 -1 -1 -1 -1 
506 12 568 166 42 89 -1 -1 -1 -1 
506 16 569 165 70 87 -1 -1 -1 -1 
507 12 568 167 42 88 -1 -1 -1 -1 
507 16 569 165 70 87 -1 -1 -1 -1 
508 12 568 167 42 88 -1 -1 -1 -1 
508 16 569 165 70 87 -1 -1 -1 -1 
509 12 568 168 41 86 -1 -1 -1 -1 
509 16 569 165 70 87 -1 -1 -1 -1 
510 12 568 167 41 87 -1 -1 -1 -1 
510 16 568 165 70 91 -1 -1 -1 -1 
511 12 568 167 42 89 -1 -1 -1 -1 
511 16 569 165 69 90 -1 -1 -1 -1 
512 12 568 167 41 89 -1 -1 -1 -1 
512 16 569 165 69 91 -1 -1 -1 -1 
513 12 568 167 41 89 -1 -1 -1 -1 
513 16 569 165 70 86 -1 -1 -1 -1 
514 12 568 167 42 89 -1 -1 -1 -1 
514 16 569 165 70 87 -1 -1 -1 -1 
515 12 568 167 42 89 -1 -1 -1 -1 
515 16 569 164 70 88 -1 -1 -1 -1 
516 12 568 167 42 89 -1 -1 -1 -1 
516 16 569 165 70 87 -1 -1 -1 -1 
517 12 568 168 42 88 -1 -1 -1 -1 
518 12 568 167 42 87 -1 -1 -1 -1 
519 12 568 167 42 88 -1 -1 -1 -1 
520 12 568 167 42 89 -1 -1 -1 -1 
521 12 568 166 42 90 -1 -1 -1 -1 
521 16 569 165 70 88 -1 -1 -1 -1 
522 12 568 166 42 90 -1 -1 -1 -1 
522 16 569 165 70 89 -1 -1 -1 -1 
523 12 568 166 42 90 -1 -1 -1 -1 
523 16 569 165 70 90 -1 -1 -1 -1 
524 12 568 165 42 91 -1 -1 -1 -1 
524 16 569 165 70 90 -1 -1 -1 -1 
525 12 568 165 42 91 -1 -1 -1 -1 
525 16 569 165 70 91 -1 -1 -1 -1 
526 12 568 165 42 91 -1 -1 -1 -1 
527 12 568 165 43 91 -1 -1 -1 -1 
528 12 568 165 43 91 -1 -1 -1 -1 
529 12 568 165 42 91 -1 -1 -1 -1 
530 12 568 165 42 91 -1 -1 -1 -1 
