3 1 0 337 25 122 -1 -1 -1 -1 
3 2 0 335 29 120 -1 -1 -1 -1 
3 3 582 116 57 314 -1 -1 -1 -1 
3 4 0 250 27 205 -1 -1 -1 -1 
4 1 0 337 25 122 -1 -1 -1 -1 
4 2 0 333 30 123 -1 -1 -1 -1 
4 3 583 116 56 312 -1 -1 -1 -1 
4 4 0 250 27 205 -1 -1 -1 -1 
5 1 0 338 25 121 -1 -1 -1 -1 
5 2 0 333 30 123 -1 -1 -1 -1 
5 3 584 115 55 318 -1 -1 -1 -1 
5 4 0 250 27 205 -1 -1 -1 -1 
6 1 0 338 25 121 -1 -1 -1 -1 
6 2 0 333 30 123 -1 -1 -1 -1 
6 3 585 116 54 313 -1 -1 -1 -1 
6 4 0 250 27 205 -1 -1 -1 -1 
7 1 0 338 25 121 -1 -1 -1 -1 
7 2 0 333 30 123 -1 -1 -1 -1 
7 3 578 117 61 309 -1 -1 -1 -1 
7 4 0 250 27 205 -1 -1 -1 -1 
8 1 0 338 25 121 -1 -1 -1 -1 
8 2 0 333 30 123 -1 -1 -1 -1 
8 3 582 117 57 312 -1 -1 -1 -1 
8 4 0 250 27 205 -1 -1 -1 -1 
9 1 0 337 25 122 -1 -1 -1 -1 
9 2 0 334 29 122 -1 -1 -1 -1 
9 3 588 119 51 312 -1 -1 -1 -1 
9 4 0 250 27 205 -1 -1 -1 -1 
10 1 0 338 25 121 -1 -1 -1 -1 
10 2 0 333 30 122 -1 -1 -1 -1 
10 3 589 119 50 313 -1 -1 -1 -1 
10 4 0 250 27 205 -1 -1 -1 -1 
11 1 0 337 25 122 -1 -1 -1 -1 
11 2 0 333 30 122 -1 -1 -1 -1 
11 3 589 118 50 313 -1 -1 -1 -1 
11 4 0 250 27 205 -1 -1 -1 -1 
12 1 0 338 25 121 -1 -1 -1 -1 
12 2 0 334 29 121 -1 -1 -1 -1 
12 3 588 118 51 313 -1 -1 -1 -1 
12 4 0 249 27 206 -1 -1 -1 -1 
13 1 0 337 25 122 -1 -1 -1 -1 
13 2 0 334 29 121 -1 -1 -1 -1 
13 3 587 118 52 314 -1 -1 -1 -1 
13 4 0 249 27 206 -1 -1 -1 -1 
14 1 0 337 25 122 -1 -1 -1 -1 
14 2 0 334 29 121 -1 -1 -1 -1 
14 3 588 119 51 312 -1 -1 -1 -1 
14 4 0 249 27 206 -1 -1 -1 -1 
15 1 0 337 25 122 -1 -1 -1 -1 
15 2 0 334 29 121 -1 -1 -1 -1 
15 3 579 118 60 308 -1 -1 -1 -1 
15 4 0 249 27 206 -1 -1 -1 -1 
16 1 0 337 25 122 -1 -1 -1 -1 
16 2 0 333 30 123 -1 -1 -1 -1 
16 3 577 118 62 309 -1 -1 -1 -1 
16 4 0 250 27 205 -1 -1 -1 -1 
17 1 0 337 25 122 -1 -1 -1 -1 
17 2 0 333 30 123 -1 -1 -1 -1 
17 3 575 118 64 307 -1 -1 -1 -1 
17 4 0 248 27 207 -1 -1 -1 -1 
18 1 0 337 25 122 -1 -1 -1 -1 
18 2 0 333 30 123 -1 -1 -1 -1 
18 3 576 117 63 311 -1 -1 -1 -1 
18 4 0 247 27 208 -1 -1 -1 -1 
19 1 0 339 25 120 -1 -1 -1 -1 
19 2 0 333 30 122 -1 -1 -1 -1 
19 3 580 117 59 315 -1 -1 -1 -1 
19 4 0 249 27 206 -1 -1 -1 -1 
20 1 0 339 25 120 -1 -1 -1 -1 
20 2 0 333 30 122 -1 -1 -1 -1 
20 3 579 117 60 316 -1 -1 -1 -1 
20 4 0 248 27 207 -1 -1 -1 -1 
21 1 0 339 25 120 -1 -1 -1 -1 
21 2 0 333 30 122 -1 -1 -1 -1 
21 3 581 117 58 316 -1 -1 -1 -1 
21 4 0 249 27 206 -1 -1 -1 -1 
22 1 0 337 25 122 -1 -1 -1 -1 
22 2 0 333 30 122 -1 -1 -1 -1 
22 3 580 116 59 317 -1 -1 -1 -1 
22 4 0 248 27 207 -1 -1 -1 -1 
23 1 0 338 25 121 -1 -1 -1 -1 
23 2 0 333 30 122 -1 -1 -1 -1 
23 3 583 115 56 310 -1 -1 -1 -1 
23 4 0 249 27 206 -1 -1 -1 -1 
24 1 0 339 25 120 -1 -1 -1 -1 
24 2 0 333 30 122 -1 -1 -1 -1 
24 3 583 116 56 311 -1 -1 -1 -1 
24 4 0 250 27 205 -1 -1 -1 -1 
25 1 0 338 25 121 -1 -1 -1 -1 
25 2 0 333 30 122 -1 -1 -1 -1 
25 3 583 115 56 312 -1 -1 -1 -1 
25 4 0 249 27 206 -1 -1 -1 -1 
26 1 0 338 25 121 -1 -1 -1 -1 
26 2 0 333 29 122 -1 -1 -1 -1 
26 3 578 117 61 304 -1 -1 -1 -1 
26 4 0 248 27 207 -1 -1 -1 -1 
27 1 0 339 25 120 -1 -1 -1 -1 
27 2 0 333 29 122 -1 -1 -1 -1 
27 3 578 116 61 310 -1 -1 -1 -1 
27 4 0 249 27 206 -1 -1 -1 -1 
28 1 0 338 25 121 -1 -1 -1 -1 
28 2 0 333 29 122 -1 -1 -1 -1 
28 3 578 117 61 305 -1 -1 -1 -1 
28 4 0 249 27 206 -1 -1 -1 -1 
29 1 0 338 25 121 -1 -1 -1 -1 
29 2 0 333 30 122 -1 -1 -1 -1 
29 3 579 116 60 309 -1 -1 -1 -1 
29 4 0 249 27 206 -1 -1 -1 -1 
30 1 0 336 25 123 -1 -1 -1 -1 
30 2 0 334 29 121 -1 -1 -1 -1 
30 3 583 117 56 316 -1 -1 -1 -1 
30 4 0 249 27 206 -1 -1 -1 -1 
31 1 0 336 25 123 -1 -1 -1 -1 
31 2 0 334 29 121 -1 -1 -1 -1 
31 3 584 118 55 313 -1 -1 -1 -1 
31 4 0 250 27 205 -1 -1 -1 -1 
32 1 0 336 25 123 -1 -1 -1 -1 
32 2 0 334 29 121 -1 -1 -1 -1 
32 3 581 118 58 313 -1 -1 -1 -1 
32 4 0 250 27 205 -1 -1 -1 -1 
33 1 0 338 25 120 -1 -1 -1 -1 
33 2 0 333 29 122 -1 -1 -1 -1 
33 3 575 107 64 339 -1 -1 -1 -1 
33 4 0 249 27 206 -1 -1 -1 -1 
